Index,Time,Raw_Wave,Attention,Meditation,Delta,Theta,LowAlpha,HighAlpha,LowBeta,HighBeta,LowGamma,MidGamma,Poor_Signal,Battery
1,0.63170,83,null,null,null,null,null,null,null,null,null,null,null,null
2,0.63212,107,null,null,null,null,null,null,null,null,null,null,null,null
3,0.63259,81,null,null,null,null,null,null,null,null,null,null,null,null
4,0.63319,17,null,null,null,null,null,null,null,null,null,null,null,null
5,0.63390,-6,null,null,null,null,null,null,null,null,null,null,null,null
6,0.63430,9,null,null,null,null,null,null,null,null,null,null,null,null
7,0.63463,17,null,null,null,null,null,null,null,null,null,null,null,null
8,0.63493,-12,null,null,null,null,null,null,null,null,null,null,null,null
9,0.63523,-44,null,null,null,null,null,null,null,null,null,null,null,null
10,0.63551,-56,null,null,null,null,null,null,null,null,null,null,null,null
11,0.63575,-49,null,null,null,null,null,null,null,null,null,null,null,null
12,0.63601,-54,null,null,null,null,null,null,null,null,null,null,null,null
13,0.63630,-65,null,null,null,null,null,null,null,null,null,null,null,null
14,0.63661,-46,null,null,null,null,null,null,null,null,null,null,null,null
15,0.63704,-8,null,null,null,null,null,null,null,null,null,null,null,null
16,0.63735,10,null,null,null,null,null,null,null,null,null,null,null,null
17,0.63783,2,null,null,null,null,null,null,null,null,null,null,null,null
18,0.63829,5,null,null,null,null,null,null,null,null,null,null,null,null
19,0.63856,37,null,null,null,null,null,null,null,null,null,null,null,null
20,0.63889,53,null,null,null,null,null,null,null,null,null,null,null,null
21,0.63937,42,null,null,null,null,null,null,null,null,null,null,null,null
22,0.63967,25,null,null,null,null,null,null,null,null,null,null,null,null
23,0.64006,34,null,null,null,null,null,null,null,null,null,null,null,null
24,0.64181,64,null,null,null,null,null,null,null,null,null,null,null,null
25,0.64212,103,null,null,null,null,null,null,null,null,null,null,null,null
26,0.64232,146,null,null,null,null,null,null,null,null,null,null,null,null
27,0.64323,169,null,null,null,null,null,null,null,null,null,null,null,null
28,0.64385,168,null,null,null,null,null,null,null,null,null,null,null,null
29,0.64466,148,null,null,null,null,null,null,null,null,null,null,null,null
30,0.64563,152,null,null,null,null,null,null,null,null,null,null,null,null
31,0.64586,183,null,null,null,null,null,null,null,null,null,null,null,null
32,0.64709,216,null,null,null,null,null,null,null,null,null,null,null,null
33,0.64823,226,null,null,null,null,null,null,null,null,null,null,null,null
34,0.64851,225,null,null,null,null,null,null,null,null,null,null,null,null
35,0.64866,234,null,null,null,null,null,null,null,null,null,null,null,null
36,0.64896,264,null,null,null,null,null,null,null,null,null,null,null,null
37,0.64910,279,null,null,null,null,null,null,null,null,null,null,null,null
38,0.64922,260,null,null,null,null,null,null,null,null,null,null,null,null
39,0.64937,249,null,null,null,null,null,null,null,null,null,null,null,null
40,0.68297,256,null,null,null,null,null,null,null,null,null,null,null,null
41,0.68939,248,null,null,null,null,null,null,null,null,null,null,null,null
42,0.69199,240,null,null,null,null,null,null,null,null,null,null,null,null
43,0.69630,240,null,null,null,null,null,null,null,null,null,null,null,null
44,0.69692,229,null,null,null,null,null,null,null,null,null,null,null,null
45,0.69731,209,null,null,null,null,null,null,null,null,null,null,null,null
46,0.69785,180,null,null,null,null,null,null,null,null,null,null,null,null
47,0.69824,149,null,null,null,null,null,null,null,null,null,null,null,null
48,0.69872,147,null,null,null,null,null,null,null,null,null,null,null,null
49,0.69932,160,null,null,null,null,null,null,null,null,null,null,null,null
50,0.70231,148,null,null,null,null,null,null,null,null,null,null,null,null
51,0.70345,131,null,null,null,null,null,null,null,null,null,null,null,null
52,0.70477,134,null,null,null,null,null,null,null,null,null,null,null,null
53,0.70506,148,null,null,null,null,null,null,null,null,null,null,null,null
54,0.70620,138,null,null,null,null,null,null,null,null,null,null,null,null
55,0.70702,106,null,null,null,null,null,null,null,null,null,null,null,null
56,0.71069,93,null,null,null,null,null,null,null,null,null,null,null,null
57,0.71136,130,null,null,null,null,null,null,null,null,null,null,null,null
58,0.71429,165,null,null,null,null,null,null,null,null,null,null,null,null
59,0.71660,161,null,null,null,null,null,null,null,null,null,null,null,null
60,0.71689,130,null,null,null,null,null,null,null,null,null,null,null,null
61,0.71765,102,null,null,null,null,null,null,null,null,null,null,null,null
62,0.71807,106,null,null,null,null,null,null,null,null,null,null,null,null
63,0.71852,96,null,null,null,null,null,null,null,null,null,null,null,null
64,0.71921,69,null,null,null,null,null,null,null,null,null,null,null,null
65,0.71948,56,null,null,null,null,null,null,null,null,null,null,null,null
66,0.71985,50,null,null,null,null,null,null,null,null,null,null,null,null
67,0.72042,33,null,null,null,null,null,null,null,null,null,null,null,null
68,0.72181,2,null,null,null,null,null,null,null,null,null,null,null,null
69,0.72266,-9,null,null,null,null,null,null,null,null,null,null,null,null
70,0.72434,-1,null,null,null,null,null,null,null,null,null,null,null,null
71,0.72640,3,null,null,null,null,null,null,null,null,null,null,null,null
72,0.72675,-5,null,null,null,null,null,null,null,null,null,null,null,null
73,0.72698,2,null,null,null,null,null,null,null,null,null,null,null,null
74,0.72724,23,null,null,null,null,null,null,null,null,null,null,null,null
75,0.72750,25,null,null,null,null,null,null,null,null,null,null,null,null
76,0.72770,18,null,null,null,null,null,null,null,null,null,null,null,null
77,0.72795,26,null,null,null,null,null,null,null,null,null,null,null,null
78,0.72810,57,null,null,null,null,null,null,null,null,null,null,null,null
79,0.76470,93,null,null,null,null,null,null,null,null,null,null,null,null
80,0.76522,98,null,null,null,null,null,null,null,null,null,null,null,null
81,0.76566,92,null,null,null,null,null,null,null,null,null,null,null,null
82,0.76618,96,null,null,null,null,null,null,null,null,null,null,null,null
83,0.76678,90,null,null,null,null,null,null,null,null,null,null,null,null
84,0.76840,73,null,null,null,null,null,null,null,null,null,null,null,null
85,0.76869,56,null,null,null,null,null,null,null,null,null,null,null,null
86,0.76903,65,null,null,null,null,null,null,null,null,null,null,null,null
87,0.76925,88,null,null,null,null,null,null,null,null,null,null,null,null
88,0.76952,84,null,null,null,null,null,null,null,null,null,null,null,null
89,0.76989,61,null,null,null,null,null,null,null,null,null,null,null,null
90,0.77010,65,null,null,null,null,null,null,null,null,null,null,null,null
91,0.77040,84,null,null,null,null,null,null,null,null,null,null,null,null
92,0.77063,100,null,null,null,null,null,null,null,null,null,null,null,null
93,0.77093,99,null,null,null,null,null,null,null,null,null,null,null,null
94,0.77110,100,null,null,null,null,null,null,null,null,null,null,null,null
95,0.77135,96,null,null,null,null,null,null,null,null,null,null,null,null
96,0.77160,89,null,null,null,null,null,null,null,null,null,null,null,null
97,0.77179,75,null,null,null,null,null,null,null,null,null,null,null,null
98,0.77201,52,null,null,null,null,null,null,null,null,null,null,null,null
99,0.81649,37,null,null,null,null,null,null,null,null,null,null,null,null
100,0.81683,24,null,null,null,null,null,null,null,null,null,null,null,null
101,0.81712,-3,null,null,null,null,null,null,null,null,null,null,null,null
102,0.81763,-29,null,null,null,null,null,null,null,null,null,null,null,null
103,0.81789,-29,null,null,null,null,null,null,null,null,null,null,null,null
104,0.81807,-13,null,null,null,null,null,null,null,null,null,null,null,null
105,0.81822,-24,null,null,null,null,null,null,null,null,null,null,null,null
106,0.81836,-43,null,null,null,null,null,null,null,null,null,null,null,null
107,0.81849,-44,null,null,null,null,null,null,null,null,null,null,null,null
108,0.81868,-24,null,null,null,null,null,null,null,null,null,null,null,null
109,0.81884,-5,null,null,null,null,null,null,null,null,null,null,null,null
110,0.81898,7,null,null,null,null,null,null,null,null,null,null,null,null
111,0.81912,22,null,null,null,null,null,null,null,null,null,null,null,null
112,0.81929,43,null,null,null,null,null,null,null,null,null,null,null,null
113,0.81947,68,null,null,null,null,null,null,null,null,null,null,null,null
114,0.81962,67,null,null,null,null,null,null,null,null,null,null,null,null
115,0.81974,52,null,null,null,null,null,null,null,null,null,null,null,null
116,0.81991,70,null,null,null,null,null,null,null,null,null,null,null,null
117,0.82007,104,null,null,null,null,null,null,null,null,null,null,null,null
118,0.83198,107,null,null,null,null,null,null,null,null,null,null,null,null
119,0.83239,92,null,null,null,null,null,null,null,null,null,null,null,null
120,0.83274,89,null,null,null,null,null,null,null,null,null,null,null,null
121,0.83307,92,null,null,null,null,null,null,null,null,null,null,null,null
122,0.83344,98,null,null,null,null,null,null,null,null,null,null,null,null
123,0.83362,100,null,null,null,null,null,null,null,null,null,null,null,null
124,0.83389,90,null,null,null,null,null,null,null,null,null,null,null,null
125,0.83405,82,null,null,null,null,null,null,null,null,null,null,null,null
126,0.83424,97,null,null,null,null,null,null,null,null,null,null,null,null
127,0.83438,101,null,null,null,null,null,null,null,null,null,null,null,null
128,0.83460,80,null,null,null,null,null,null,null,null,null,null,null,null
129,0.83480,64,null,null,null,null,null,null,null,null,null,null,null,null
130,0.83498,71,null,null,null,null,null,null,null,null,null,null,null,null
131,0.83513,66,null,null,null,null,null,null,null,null,null,null,null,null
132,0.83529,49,null,null,null,null,null,null,null,null,null,null,null,null
133,0.83546,40,null,null,null,null,null,null,null,null,null,null,null,null
134,0.83563,41,null,null,null,null,null,null,null,null,null,null,null,null
135,0.83581,34,null,null,null,null,null,null,null,null,null,null,null,null
136,0.83597,19,null,null,null,null,null,null,null,null,null,null,null,null
137,0.83609,20,null,null,null,null,null,null,null,null,null,null,null,null
138,0.87705,41,null,null,null,null,null,null,null,null,null,null,null,null
139,0.87732,59,null,null,null,null,null,null,null,null,null,null,null,null
140,0.87764,43,null,null,null,null,null,null,null,null,null,null,null,null
141,0.87795,27,null,null,null,null,null,null,null,null,null,null,null,null
142,0.87819,38,null,null,null,null,null,null,null,null,null,null,null,null
143,0.87835,53,null,null,null,null,null,null,null,null,null,null,null,null
144,0.87854,69,null,null,null,null,null,null,null,null,null,null,null,null
145,0.87878,89,null,null,null,null,null,null,null,null,null,null,null,null
146,0.87895,128,null,null,null,null,null,null,null,null,null,null,null,null
147,0.87922,151,null,null,null,null,null,null,null,null,null,null,null,null
148,0.87942,150,null,null,null,null,null,null,null,null,null,null,null,null
149,0.87956,121,null,null,null,null,null,null,null,null,null,null,null,null
150,0.87969,90,null,null,null,null,null,null,null,null,null,null,null,null
151,0.87988,75,null,null,null,null,null,null,null,null,null,null,null,null
152,0.88016,80,null,null,null,null,null,null,null,null,null,null,null,null
153,0.88043,81,null,null,null,null,null,null,null,null,null,null,null,null
154,0.88066,60,null,null,null,null,null,null,null,null,null,null,null,null
155,0.88085,41,null,null,null,null,null,null,null,null,null,null,null,null
156,0.88101,38,null,null,null,null,null,null,null,null,null,null,null,null
157,0.89914,29,null,null,null,null,null,null,null,null,null,null,null,null
158,0.89944,22,null,null,null,null,null,null,null,null,null,null,null,null
159,0.89984,25,null,null,null,null,null,null,null,null,null,null,null,null
160,0.90010,38,null,null,null,null,null,null,null,null,null,null,null,null
161,0.90040,36,null,null,null,null,null,null,null,null,null,null,null,null
162,0.90076,20,null,null,null,null,null,null,null,null,null,null,null,null
163,0.90099,35,null,null,null,null,null,null,null,null,null,null,null,null
164,0.90115,74,null,null,null,null,null,null,null,null,null,null,null,null
165,0.90156,85,null,null,null,null,null,null,null,null,null,null,null,null
166,0.90175,70,null,null,null,null,null,null,null,null,null,null,null,null
167,0.90198,54,null,null,null,null,null,null,null,null,null,null,null,null
168,0.90213,38,null,null,null,null,null,null,null,null,null,null,null,null
169,0.90227,16,null,null,null,null,null,null,null,null,null,null,null,null
170,0.90239,-19,null,null,null,null,null,null,null,null,null,null,null,null
171,0.90256,-37,null,null,null,null,null,null,null,null,null,null,null,null
172,0.90273,-28,null,null,null,null,null,null,null,null,null,null,null,null
173,0.90297,-25,null,null,null,null,null,null,null,null,null,null,null,null
174,0.90316,-26,null,null,null,null,null,null,null,null,null,null,null,null
175,0.90330,-11,null,null,null,null,null,null,null,null,null,null,null,null
176,0.90353,21,null,null,null,null,null,null,null,null,null,null,null,null
177,0.94465,52,null,null,null,null,null,null,null,null,null,null,null,null
178,0.94496,57,null,null,null,null,null,null,null,null,null,null,null,null
179,0.94550,50,null,null,null,null,null,null,null,null,null,null,null,null
180,0.94596,54,null,null,null,null,null,null,null,null,null,null,null,null
181,0.94638,76,null,null,null,null,null,null,null,null,null,null,null,null
182,0.94692,99,null,null,null,null,null,null,null,null,null,null,null,null
183,0.94711,101,null,null,null,null,null,null,null,null,null,null,null,null
184,0.94796,101,null,null,null,null,null,null,null,null,null,null,null,null
185,0.94835,90,null,null,null,null,null,null,null,null,null,null,null,null
186,0.94888,60,null,null,null,null,null,null,null,null,null,null,null,null
187,0.95550,12,null,null,null,null,null,null,null,null,null,null,null,null
188,0.95580,-8,null,null,null,null,null,null,null,null,null,null,null,null
189,0.95814,-2,null,null,null,null,null,null,null,null,null,null,null,null
190,0.95833,-9,null,null,null,null,null,null,null,null,null,null,null,null
191,0.95853,-38,null,null,null,null,null,null,null,null,null,null,null,null
192,0.95879,-54,null,null,null,null,null,null,null,null,null,null,null,null
193,0.95987,-39,null,null,null,null,null,null,null,null,null,null,null,null
194,0.96088,-34,null,null,null,null,null,null,null,null,null,null,null,null
195,0.96126,-40,null,null,null,null,null,null,null,null,null,null,null,null
196,0.96144,-42,null,null,null,null,null,null,null,null,null,null,null,null
197,0.99017,-20,null,null,null,null,null,null,null,null,null,null,null,null
198,0.99047,6,null,null,null,null,null,null,null,null,null,null,null,null
199,0.99127,9,null,null,null,null,null,null,null,null,null,null,null,null
200,0.99199,-13,null,null,null,null,null,null,null,null,null,null,null,null
201,0.99290,-25,null,null,null,null,null,null,null,null,null,null,null,null
202,0.99391,-6,null,null,null,null,null,null,null,null,null,null,null,null
203,0.99415,17,null,null,null,null,null,null,null,null,null,null,null,null
204,0.99472,-3,null,null,null,null,null,null,null,null,null,null,null,null
205,0.99550,-29,null,null,null,null,null,null,null,null,null,null,null,null
206,0.99587,-30,null,null,null,null,null,null,null,null,null,null,null,null
207,0.99643,-19,null,null,null,null,null,null,null,null,null,null,null,null
208,0.99702,-13,null,null,null,null,null,null,null,null,null,null,null,null
209,0.99725,-14,null,null,null,null,null,null,null,null,null,null,null,null
210,0.99770,4,null,null,null,null,null,null,null,null,null,null,null,null
211,0.99785,39,null,null,null,null,null,null,null,null,null,null,null,null
212,0.99798,60,null,null,null,null,null,null,null,null,null,null,null,null
213,0.99814,69,null,null,null,null,null,null,null,null,null,null,null,null
214,0.99832,96,null,null,null,null,null,null,null,null,null,null,null,null
215,1.00046,107,null,null,null,null,null,null,null,null,null,null,null,null
216,1.01658,84,null,null,null,null,null,null,null,null,null,null,null,null
217,1.01686,40,null,null,null,null,null,null,null,null,null,null,null,null
218,1.01925,21,null,null,null,null,null,null,null,null,null,null,null,null
219,1.02082,35,null,null,null,null,null,null,null,null,null,null,null,null
220,1.02229,57,null,null,null,null,null,null,null,null,null,null,null,null
221,1.02346,74,null,null,null,null,null,null,null,null,null,null,null,null
222,1.02618,112,null,null,null,null,null,null,null,null,null,null,null,null
223,1.02647,170,null,null,null,null,null,null,null,null,null,null,null,null
224,1.02785,214,null,null,null,null,null,null,null,null,null,null,null,null
225,1.02815,226,null,null,null,null,null,null,null,null,null,null,null,null
226,1.03026,213,null,null,null,null,null,null,null,null,null,null,null,null
227,1.03217,192,null,null,null,null,null,null,null,null,null,null,null,null
228,1.03254,184,null,null,null,null,null,null,null,null,null,null,null,null
229,1.03275,192,null,null,null,null,null,null,null,null,null,null,null,null
230,1.03310,186,null,null,null,null,null,null,null,null,null,null,null,null
231,1.03382,177,null,null,null,null,null,null,null,null,null,null,null,null
232,1.03406,194,null,null,null,null,null,null,null,null,null,null,null,null
233,1.03422,240,null,null,null,null,null,null,null,null,null,null,null,null
234,1.03447,279,null,null,null,null,null,null,null,null,null,null,null,null
235,1.03459,314,null,null,null,null,null,null,null,null,null,null,null,null
236,1.05732,348,null,null,null,null,null,null,null,null,null,null,null,null
237,1.05782,362,null,null,null,null,null,null,null,null,null,null,null,null
238,1.05896,353,null,null,null,null,null,null,null,null,null,null,null,null
239,1.05962,338,null,null,null,null,null,null,null,null,null,null,null,null
240,1.06015,327,null,null,null,null,null,null,null,null,null,null,null,null
241,1.06037,325,null,null,null,null,null,null,null,null,null,null,null,null
242,1.06070,325,null,null,null,null,null,null,null,null,null,null,null,null
243,1.06094,320,null,null,null,null,null,null,null,null,null,null,null,null
244,1.06126,309,null,null,null,null,null,null,null,null,null,null,null,null
245,1.06152,313,null,null,null,null,null,null,null,null,null,null,null,null
246,1.06181,324,null,null,null,null,null,null,null,null,null,null,null,null
247,1.06300,307,null,null,null,null,null,null,null,null,null,null,null,null
248,1.06330,291,null,null,null,null,null,null,null,null,null,null,null,null
249,1.06399,279,null,null,null,null,null,null,null,null,null,null,null,null
250,1.06418,250,null,null,null,null,null,null,null,null,null,null,null,null
251,1.06446,202,null,null,null,null,null,null,null,null,null,null,null,null
252,1.06498,195,null,null,null,null,null,null,null,null,null,null,null,null
253,1.06516,241,null,null,null,null,null,null,null,null,null,null,null,null
254,1.06674,282,null,null,null,null,null,null,null,null,null,null,null,null
255,1.06714,285,null,null,null,null,null,null,null,null,null,null,null,null
256,1.10781,272,null,null,null,null,null,null,null,null,null,null,null,null
257,1.10809,256,null,null,null,null,null,null,null,null,null,null,null,null
258,1.11047,251,null,null,null,null,null,null,null,null,null,null,null,null
259,1.11191,249,null,null,null,null,null,null,null,null,null,null,null,null
260,1.11391,241,null,null,null,null,null,null,null,null,null,null,null,null
261,1.11438,226,null,null,null,null,null,null,null,null,null,null,null,null
262,1.11458,195,null,null,null,null,null,null,null,null,null,null,null,null
263,1.11527,148,null,null,null,null,null,null,null,null,null,null,null,null
264,1.11544,114,null,null,null,null,null,null,null,null,null,null,null,null
265,1.11600,106,null,null,null,null,null,null,null,null,null,null,null,null
266,1.11633,116,null,null,null,null,null,null,null,null,null,null,null,null
267,1.11657,124,null,null,null,null,null,null,null,null,null,null,null,null
268,1.11697,120,null,null,null,null,null,null,null,null,null,null,null,null
269,1.11733,98,null,null,null,null,null,null,null,null,null,null,null,null
270,1.11752,80,null,null,null,null,null,null,null,null,null,null,null,null
271,1.11781,73,null,null,null,null,null,null,null,null,null,null,null,null
272,1.11827,57,null,null,null,null,null,null,null,null,null,null,null,null
273,1.11882,28,null,null,null,null,null,null,null,null,null,null,null,null
274,1.11900,23,null,null,null,null,null,null,null,null,null,null,null,null
275,1.12442,42,null,null,null,null,null,null,null,null,null,null,null,null
276,1.12468,52,null,null,null,null,null,null,null,null,null,null,null,null
277,1.12497,23,null,null,null,null,null,null,null,null,null,null,null,null
278,1.12526,-2,null,null,null,null,null,null,null,null,null,null,null,null
279,1.12554,-8,null,null,null,null,null,null,null,null,null,null,null,null
280,1.12579,-28,null,null,null,null,null,null,null,null,null,null,null,null
281,1.12594,-58,null,null,null,null,null,null,null,null,null,null,null,null
282,1.12608,-73,null,null,null,null,null,null,null,null,null,null,null,null
283,1.12632,-74,null,null,null,null,null,null,null,null,null,null,null,null
284,1.12648,-85,null,null,null,null,null,null,null,null,null,null,null,null
285,1.12661,null,40,20,442833,90136,48204,19673,25360,4573,2968,2057,0,null
286,1.12679,-115,null,null,null,null,null,null,null,null,null,null,null,null
287,1.12694,-134,null,null,null,null,null,null,null,null,null,null,null,null
288,1.12713,-108,null,null,null,null,null,null,null,null,null,null,null,null
289,1.12730,-72,null,null,null,null,null,null,null,null,null,null,null,null
290,1.12748,-73,null,null,null,null,null,null,null,null,null,null,null,null
291,1.16990,-86,null,null,null,null,null,null,null,null,null,null,null,null
292,1.17024,-94,null,null,null,null,null,null,null,null,null,null,null,null
293,1.17112,-119,null,null,null,null,null,null,null,null,null,null,null,null
294,1.17198,-146,null,null,null,null,null,null,null,null,null,null,null,null
295,1.17265,-165,null,null,null,null,null,null,null,null,null,null,null,null
296,1.17296,-165,null,null,null,null,null,null,null,null,null,null,null,null
297,1.17314,-155,null,null,null,null,null,null,null,null,null,null,null,null
298,1.17406,-145,null,null,null,null,null,null,null,null,null,null,null,null
299,1.17447,-141,null,null,null,null,null,null,null,null,null,null,null,null
300,1.17463,-121,null,null,null,null,null,null,null,null,null,null,null,null
301,1.17486,-82,null,null,null,null,null,null,null,null,null,null,null,null
302,1.17504,-54,null,null,null,null,null,null,null,null,null,null,null,null
303,1.17523,-60,null,null,null,null,null,null,null,null,null,null,null,null
304,1.17537,-56,null,null,null,null,null,null,null,null,null,null,null,null
305,1.17550,-19,null,null,null,null,null,null,null,null,null,null,null,null
306,1.17564,17,null,null,null,null,null,null,null,null,null,null,null,null
307,1.17576,16,null,null,null,null,null,null,null,null,null,null,null,null
308,1.17590,-19,null,null,null,null,null,null,null,null,null,null,null,null
309,1.17602,-27,null,null,null,null,null,null,null,null,null,null,null,null
310,1.17618,-4,null,null,null,null,null,null,null,null,null,null,null,null
311,1.21423,17,null,null,null,null,null,null,null,null,null,null,null,null
312,1.21449,7,null,null,null,null,null,null,null,null,null,null,null,null
313,1.21477,-3,null,null,null,null,null,null,null,null,null,null,null,null
314,1.21513,5,null,null,null,null,null,null,null,null,null,null,null,null
315,1.21535,13,null,null,null,null,null,null,null,null,null,null,null,null
316,1.21554,0,null,null,null,null,null,null,null,null,null,null,null,null
317,1.21580,-2,null,null,null,null,null,null,null,null,null,null,null,null
318,1.21597,11,null,null,null,null,null,null,null,null,null,null,null,null
319,1.21611,35,null,null,null,null,null,null,null,null,null,null,null,null
320,1.21624,44,null,null,null,null,null,null,null,null,null,null,null,null
321,1.21643,55,null,null,null,null,null,null,null,null,null,null,null,null
322,1.21661,76,null,null,null,null,null,null,null,null,null,null,null,null
323,1.21688,92,null,null,null,null,null,null,null,null,null,null,null,null
324,1.21736,106,null,null,null,null,null,null,null,null,null,null,null,null
325,1.21784,135,null,null,null,null,null,null,null,null,null,null,null,null
326,1.21827,161,null,null,null,null,null,null,null,null,null,null,null,null
327,1.21845,161,null,null,null,null,null,null,null,null,null,null,null,null
328,1.21858,132,null,null,null,null,null,null,null,null,null,null,null,null
329,1.21871,86,null,null,null,null,null,null,null,null,null,null,null,null
330,1.21883,88,null,null,null,null,null,null,null,null,null,null,null,null
331,1.23697,131,null,null,null,null,null,null,null,null,null,null,null,null
332,1.23725,161,null,null,null,null,null,null,null,null,null,null,null,null
333,1.23765,137,null,null,null,null,null,null,null,null,null,null,null,null
334,1.23812,106,null,null,null,null,null,null,null,null,null,null,null,null
335,1.23866,113,null,null,null,null,null,null,null,null,null,null,null,null
336,1.23924,140,null,null,null,null,null,null,null,null,null,null,null,null
337,1.23943,150,null,null,null,null,null,null,null,null,null,null,null,null
338,1.23958,133,null,null,null,null,null,null,null,null,null,null,null,null
339,1.23974,104,null,null,null,null,null,null,null,null,null,null,null,null
340,1.23989,84,null,null,null,null,null,null,null,null,null,null,null,null
341,1.24024,77,null,null,null,null,null,null,null,null,null,null,null,null
342,1.24056,73,null,null,null,null,null,null,null,null,null,null,null,null
343,1.24080,88,null,null,null,null,null,null,null,null,null,null,null,null
344,1.24095,117,null,null,null,null,null,null,null,null,null,null,null,null
345,1.24110,106,null,null,null,null,null,null,null,null,null,null,null,null
346,1.24127,74,null,null,null,null,null,null,null,null,null,null,null,null
347,1.24156,66,null,null,null,null,null,null,null,null,null,null,null,null
348,1.24182,76,null,null,null,null,null,null,null,null,null,null,null,null
349,1.24196,98,null,null,null,null,null,null,null,null,null,null,null,null
350,1.28241,89,null,null,null,null,null,null,null,null,null,null,null,null
351,1.28269,66,null,null,null,null,null,null,null,null,null,null,null,null
352,1.28297,74,null,null,null,null,null,null,null,null,null,null,null,null
353,1.28335,119,null,null,null,null,null,null,null,null,null,null,null,null
354,1.28362,150,null,null,null,null,null,null,null,null,null,null,null,null
355,1.28389,156,null,null,null,null,null,null,null,null,null,null,null,null
356,1.28408,171,null,null,null,null,null,null,null,null,null,null,null,null
357,1.28426,187,null,null,null,null,null,null,null,null,null,null,null,null
358,1.28442,173,null,null,null,null,null,null,null,null,null,null,null,null
359,1.28462,139,null,null,null,null,null,null,null,null,null,null,null,null
360,1.28476,121,null,null,null,null,null,null,null,null,null,null,null,null
361,1.28490,123,null,null,null,null,null,null,null,null,null,null,null,null
362,1.28503,129,null,null,null,null,null,null,null,null,null,null,null,null
363,1.28525,113,null,null,null,null,null,null,null,null,null,null,null,null
364,1.28542,98,null,null,null,null,null,null,null,null,null,null,null,null
365,1.28556,117,null,null,null,null,null,null,null,null,null,null,null,null
366,1.28572,144,null,null,null,null,null,null,null,null,null,null,null,null
367,1.28595,147,null,null,null,null,null,null,null,null,null,null,null,null
368,1.28609,121,null,null,null,null,null,null,null,null,null,null,null,null
369,1.28624,74,null,null,null,null,null,null,null,null,null,null,null,null
370,1.32794,42,null,null,null,null,null,null,null,null,null,null,null,null
371,1.32823,28,null,null,null,null,null,null,null,null,null,null,null,null
372,1.32856,37,null,null,null,null,null,null,null,null,null,null,null,null
373,1.32891,70,null,null,null,null,null,null,null,null,null,null,null,null
374,1.32920,100,null,null,null,null,null,null,null,null,null,null,null,null
375,1.32934,104,null,null,null,null,null,null,null,null,null,null,null,null
376,1.32952,90,null,null,null,null,null,null,null,null,null,null,null,null
377,1.32966,98,null,null,null,null,null,null,null,null,null,null,null,null
378,1.32988,123,null,null,null,null,null,null,null,null,null,null,null,null
379,1.33020,131,null,null,null,null,null,null,null,null,null,null,null,null
380,1.33048,100,null,null,null,null,null,null,null,null,null,null,null,null
381,1.33064,70,null,null,null,null,null,null,null,null,null,null,null,null
382,1.33078,67,null,null,null,null,null,null,null,null,null,null,null,null
383,1.33096,71,null,null,null,null,null,null,null,null,null,null,null,null
384,1.33126,68,null,null,null,null,null,null,null,null,null,null,null,null
385,1.33140,66,null,null,null,null,null,null,null,null,null,null,null,null
386,1.33155,64,null,null,null,null,null,null,null,null,null,null,null,null
387,1.33179,58,null,null,null,null,null,null,null,null,null,null,null,null
388,1.33194,54,null,null,null,null,null,null,null,null,null,null,null,null
389,1.34957,58,null,null,null,null,null,null,null,null,null,null,null,null
390,1.34997,75,null,null,null,null,null,null,null,null,null,null,null,null
391,1.35059,85,null,null,null,null,null,null,null,null,null,null,null,null
392,1.35105,72,null,null,null,null,null,null,null,null,null,null,null,null
393,1.35131,40,null,null,null,null,null,null,null,null,null,null,null,null
394,1.35154,17,null,null,null,null,null,null,null,null,null,null,null,null
395,1.35171,16,null,null,null,null,null,null,null,null,null,null,null,null
396,1.35187,24,null,null,null,null,null,null,null,null,null,null,null,null
397,1.35206,22,null,null,null,null,null,null,null,null,null,null,null,null
398,1.35221,35,null,null,null,null,null,null,null,null,null,null,null,null
399,1.35235,68,null,null,null,null,null,null,null,null,null,null,null,null
400,1.35248,98,null,null,null,null,null,null,null,null,null,null,null,null
401,1.35265,103,null,null,null,null,null,null,null,null,null,null,null,null
402,1.35282,73,null,null,null,null,null,null,null,null,null,null,null,null
403,1.35300,65,null,null,null,null,null,null,null,null,null,null,null,null
404,1.35315,87,null,null,null,null,null,null,null,null,null,null,null,null
405,1.35329,97,null,null,null,null,null,null,null,null,null,null,null,null
406,1.35341,85,null,null,null,null,null,null,null,null,null,null,null,null
407,1.35356,88,null,null,null,null,null,null,null,null,null,null,null,null
408,1.35374,100,null,null,null,null,null,null,null,null,null,null,null,null
409,1.39460,92,null,null,null,null,null,null,null,null,null,null,null,null
410,1.39491,77,null,null,null,null,null,null,null,null,null,null,null,null
411,1.39520,88,null,null,null,null,null,null,null,null,null,null,null,null
412,1.39552,122,null,null,null,null,null,null,null,null,null,null,null,null
413,1.39576,138,null,null,null,null,null,null,null,null,null,null,null,null
414,1.39600,115,null,null,null,null,null,null,null,null,null,null,null,null
415,1.39622,74,null,null,null,null,null,null,null,null,null,null,null,null
416,1.39654,59,null,null,null,null,null,null,null,null,null,null,null,null
417,1.39698,66,null,null,null,null,null,null,null,null,null,null,null,null
418,1.39715,67,null,null,null,null,null,null,null,null,null,null,null,null
419,1.39729,72,null,null,null,null,null,null,null,null,null,null,null,null
420,1.39749,93,null,null,null,null,null,null,null,null,null,null,null,null
421,1.39764,119,null,null,null,null,null,null,null,null,null,null,null,null
422,1.39780,129,null,null,null,null,null,null,null,null,null,null,null,null
423,1.39804,119,null,null,null,null,null,null,null,null,null,null,null,null
424,1.39855,106,null,null,null,null,null,null,null,null,null,null,null,null
425,1.39892,101,null,null,null,null,null,null,null,null,null,null,null,null
426,1.39911,97,null,null,null,null,null,null,null,null,null,null,null,null
427,1.39939,81,null,null,null,null,null,null,null,null,null,null,null,null
428,1.39959,76,null,null,null,null,null,null,null,null,null,null,null,null
429,1.44161,92,null,null,null,null,null,null,null,null,null,null,null,null
430,1.44193,107,null,null,null,null,null,null,null,null,null,null,null,null
431,1.44226,105,null,null,null,null,null,null,null,null,null,null,null,null
432,1.44290,92,null,null,null,null,null,null,null,null,null,null,null,null
433,1.44334,96,null,null,null,null,null,null,null,null,null,null,null,null
434,1.44405,133,null,null,null,null,null,null,null,null,null,null,null,null
435,1.44428,178,null,null,null,null,null,null,null,null,null,null,null,null
436,1.44445,176,null,null,null,null,null,null,null,null,null,null,null,null
437,1.44505,160,null,null,null,null,null,null,null,null,null,null,null,null
438,1.44524,161,null,null,null,null,null,null,null,null,null,null,null,null
439,1.44538,157,null,null,null,null,null,null,null,null,null,null,null,null
440,1.44551,137,null,null,null,null,null,null,null,null,null,null,null,null
441,1.44565,114,null,null,null,null,null,null,null,null,null,null,null,null
442,1.44624,116,null,null,null,null,null,null,null,null,null,null,null,null
443,1.44768,125,null,null,null,null,null,null,null,null,null,null,null,null
444,1.44791,116,null,null,null,null,null,null,null,null,null,null,null,null
445,1.44804,97,null,null,null,null,null,null,null,null,null,null,null,null
446,1.44816,74,null,null,null,null,null,null,null,null,null,null,null,null
447,1.44838,54,null,null,null,null,null,null,null,null,null,null,null,null
448,1.46270,18,null,null,null,null,null,null,null,null,null,null,null,null
449,1.46300,-17,null,null,null,null,null,null,null,null,null,null,null,null
450,1.46360,-24,null,null,null,null,null,null,null,null,null,null,null,null
451,1.46411,-20,null,null,null,null,null,null,null,null,null,null,null,null
452,1.46489,-34,null,null,null,null,null,null,null,null,null,null,null,null
453,1.46555,-62,null,null,null,null,null,null,null,null,null,null,null,null
454,1.46635,-88,null,null,null,null,null,null,null,null,null,null,null,null
455,1.46963,-87,null,null,null,null,null,null,null,null,null,null,null,null
456,1.46982,-65,null,null,null,null,null,null,null,null,null,null,null,null
457,1.46998,-37,null,null,null,null,null,null,null,null,null,null,null,null
458,1.47043,-6,null,null,null,null,null,null,null,null,null,null,null,null
459,1.47060,2,null,null,null,null,null,null,null,null,null,null,null,null
460,1.47097,-12,null,null,null,null,null,null,null,null,null,null,null,null
461,1.47114,-51,null,null,null,null,null,null,null,null,null,null,null,null
462,1.47128,-57,null,null,null,null,null,null,null,null,null,null,null,null
463,1.47164,-42,null,null,null,null,null,null,null,null,null,null,null,null
464,1.47182,-42,null,null,null,null,null,null,null,null,null,null,null,null
465,1.47198,-71,null,null,null,null,null,null,null,null,null,null,null,null
466,1.47228,-98,null,null,null,null,null,null,null,null,null,null,null,null
467,1.47244,-105,null,null,null,null,null,null,null,null,null,null,null,null
468,1.52984,-105,null,null,null,null,null,null,null,null,null,null,null,null
469,1.53026,-101,null,null,null,null,null,null,null,null,null,null,null,null
470,1.53096,-89,null,null,null,null,null,null,null,null,null,null,null,null
471,1.53191,-87,null,null,null,null,null,null,null,null,null,null,null,null
472,1.53254,-76,null,null,null,null,null,null,null,null,null,null,null,null
473,1.53303,-66,null,null,null,null,null,null,null,null,null,null,null,null
474,1.53346,-55,null,null,null,null,null,null,null,null,null,null,null,null
475,1.53429,-27,null,null,null,null,null,null,null,null,null,null,null,null
476,1.53448,16,null,null,null,null,null,null,null,null,null,null,null,null
477,1.53464,51,null,null,null,null,null,null,null,null,null,null,null,null
478,1.53480,41,null,null,null,null,null,null,null,null,null,null,null,null
479,1.53531,7,null,null,null,null,null,null,null,null,null,null,null,null
480,1.53551,-1,null,null,null,null,null,null,null,null,null,null,null,null
481,1.53624,11,null,null,null,null,null,null,null,null,null,null,null,null
482,1.53642,6,null,null,null,null,null,null,null,null,null,null,null,null
483,1.53661,-1,null,null,null,null,null,null,null,null,null,null,null,null
484,1.53674,21,null,null,null,null,null,null,null,null,null,null,null,null
485,1.53692,49,null,null,null,null,null,null,null,null,null,null,null,null
486,1.53709,57,null,null,null,null,null,null,null,null,null,null,null,null
487,1.53723,53,null,null,null,null,null,null,null,null,null,null,null,null
488,1.55242,69,null,null,null,null,null,null,null,null,null,null,null,null
489,1.55291,115,null,null,null,null,null,null,null,null,null,null,null,null
490,1.55363,147,null,null,null,null,null,null,null,null,null,null,null,null
491,1.56949,131,null,null,null,null,null,null,null,null,null,null,null,null
492,1.57565,112,null,null,null,null,null,null,null,null,null,null,null,null
493,1.57842,129,null,null,null,null,null,null,null,null,null,null,null,null
494,1.57861,162,null,null,null,null,null,null,null,null,null,null,null,null
495,1.58609,185,null,null,null,null,null,null,null,null,null,null,null,null
496,1.59112,183,null,null,null,null,null,null,null,null,null,null,null,null
497,1.59130,182,null,null,null,null,null,null,null,null,null,null,null,null
498,1.59152,198,null,null,null,null,null,null,null,null,null,null,null,null
499,1.59362,186,null,null,null,null,null,null,null,null,null,null,null,null
500,1.59385,152,null,null,null,null,null,null,null,null,null,null,null,null
501,1.60348,141,null,null,null,null,null,null,null,null,null,null,null,null
502,1.60370,166,null,null,null,null,null,null,null,null,null,null,null,null
503,1.60400,176,null,null,null,null,null,null,null,null,null,null,null,null
504,1.60418,134,null,null,null,null,null,null,null,null,null,null,null,null
505,1.60434,100,null,null,null,null,null,null,null,null,null,null,null,null
506,1.60448,85,null,null,null,null,null,null,null,null,null,null,null,null
507,1.60851,74,null,null,null,null,null,null,null,null,null,null,null,null
508,1.60880,48,null,null,null,null,null,null,null,null,null,null,null,null
509,1.60959,8,null,null,null,null,null,null,null,null,null,null,null,null
510,1.60999,-21,null,null,null,null,null,null,null,null,null,null,null,null
511,1.61219,-46,null,null,null,null,null,null,null,null,null,null,null,null
512,1.61268,-87,null,null,null,null,null,null,null,null,null,null,null,null
513,1.61290,-109,null,null,null,null,null,null,null,null,null,null,null,null
514,1.61307,-103,null,null,null,null,null,null,null,null,null,null,null,null
515,1.61321,-93,null,null,null,null,null,null,null,null,null,null,null,null
516,1.61350,-108,null,null,null,null,null,null,null,null,null,null,null,null
517,1.61364,-135,null,null,null,null,null,null,null,null,null,null,null,null
518,1.61378,-148,null,null,null,null,null,null,null,null,null,null,null,null
519,1.61392,-151,null,null,null,null,null,null,null,null,null,null,null,null
520,1.61439,-174,null,null,null,null,null,null,null,null,null,null,null,null
521,1.61454,-226,null,null,null,null,null,null,null,null,null,null,null,null
522,1.61470,-252,null,null,null,null,null,null,null,null,null,null,null,null
523,1.61504,-248,null,null,null,null,null,null,null,null,null,null,null,null
524,1.61519,-243,null,null,null,null,null,null,null,null,null,null,null,null
525,1.61532,-265,null,null,null,null,null,null,null,null,null,null,null,null
526,1.61544,-267,null,null,null,null,null,null,null,null,null,null,null,null
527,1.61959,-231,null,null,null,null,null,null,null,null,null,null,null,null
528,1.61984,-194,null,null,null,null,null,null,null,null,null,null,null,null
529,1.62011,-199,null,null,null,null,null,null,null,null,null,null,null,null
530,1.62042,-233,null,null,null,null,null,null,null,null,null,null,null,null
531,1.62066,-250,null,null,null,null,null,null,null,null,null,null,null,null
532,1.62080,-220,null,null,null,null,null,null,null,null,null,null,null,null
533,1.62102,-194,null,null,null,null,null,null,null,null,null,null,null,null
534,1.62119,-193,null,null,null,null,null,null,null,null,null,null,null,null
535,1.62141,-201,null,null,null,null,null,null,null,null,null,null,null,null
536,1.62164,-199,null,null,null,null,null,null,null,null,null,null,null,null
537,1.62188,-188,null,null,null,null,null,null,null,null,null,null,null,null
538,1.62204,-180,null,null,null,null,null,null,null,null,null,null,null,null
539,1.62229,-152,null,null,null,null,null,null,null,null,null,null,null,null
540,1.62247,-107,null,null,null,null,null,null,null,null,null,null,null,null
541,1.62259,-70,null,null,null,null,null,null,null,null,null,null,null,null
542,1.62271,-59,null,null,null,null,null,null,null,null,null,null,null,null
543,1.62288,-43,null,null,null,null,null,null,null,null,null,null,null,null
544,1.62305,-24,null,null,null,null,null,null,null,null,null,null,null,null
545,1.62317,-13,null,null,null,null,null,null,null,null,null,null,null,null
546,1.66618,-4,null,null,null,null,null,null,null,null,null,null,null,null
547,1.66675,35,null,null,null,null,null,null,null,null,null,null,null,null
548,1.66709,82,null,null,null,null,null,null,null,null,null,null,null,null
549,1.66739,91,null,null,null,null,null,null,null,null,null,null,null,null
550,1.66767,58,null,null,null,null,null,null,null,null,null,null,null,null
551,1.66792,41,null,null,null,null,null,null,null,null,null,null,null,null
552,1.66814,51,null,null,null,null,null,null,null,null,null,null,null,null
553,1.66830,87,null,null,null,null,null,null,null,null,null,null,null,null
554,1.66845,120,null,null,null,null,null,null,null,null,null,null,null,null
555,1.66864,121,null,null,null,null,null,null,null,null,null,null,null,null
556,1.66883,124,null,null,null,null,null,null,null,null,null,null,null,null
557,1.66898,145,null,null,null,null,null,null,null,null,null,null,null,null
558,1.66911,161,null,null,null,null,null,null,null,null,null,null,null,null
559,1.66932,155,null,null,null,null,null,null,null,null,null,null,null,null
560,1.66954,144,null,null,null,null,null,null,null,null,null,null,null,null
561,1.66969,124,null,null,null,null,null,null,null,null,null,null,null,null
562,1.66987,102,null,null,null,null,null,null,null,null,null,null,null,null
563,1.67026,88,null,null,null,null,null,null,null,null,null,null,null,null
564,1.67060,83,null,null,null,null,null,null,null,null,null,null,null,null
565,1.67080,93,null,null,null,null,null,null,null,null,null,null,null,null
566,1.72809,107,null,null,null,null,null,null,null,null,null,null,null,null
567,1.72835,90,null,null,null,null,null,null,null,null,null,null,null,null
568,1.72878,43,null,null,null,null,null,null,null,null,null,null,null,null
569,1.72909,22,null,null,null,null,null,null,null,null,null,null,null,null
570,1.72935,34,null,null,null,null,null,null,null,null,null,null,null,null
571,1.72955,52,null,null,null,null,null,null,null,null,null,null,null,null
572,1.72971,65,null,null,null,null,null,null,null,null,null,null,null,null
573,1.72985,66,null,null,null,null,null,null,null,null,null,null,null,null
574,1.73003,49,null,null,null,null,null,null,null,null,null,null,null,null
575,1.73025,25,null,null,null,null,null,null,null,null,null,null,null,null
576,1.73045,-1,null,null,null,null,null,null,null,null,null,null,null,null
577,1.73060,-20,null,null,null,null,null,null,null,null,null,null,null,null
578,1.73074,-36,null,null,null,null,null,null,null,null,null,null,null,null
579,1.73088,-44,null,null,null,null,null,null,null,null,null,null,null,null
580,1.73100,-69,null,null,null,null,null,null,null,null,null,null,null,null
581,1.73113,-75,null,null,null,null,null,null,null,null,null,null,null,null
582,1.73134,-45,null,null,null,null,null,null,null,null,null,null,null,null
583,1.73153,-37,null,null,null,null,null,null,null,null,null,null,null,null
584,1.73167,-71,null,null,null,null,null,null,null,null,null,null,null,null
585,1.73183,-110,null,null,null,null,null,null,null,null,null,null,null,null
586,1.73343,-131,null,null,null,null,null,null,null,null,null,null,null,null
587,1.73366,-118,null,null,null,null,null,null,null,null,null,null,null,null
588,1.73397,-110,null,null,null,null,null,null,null,null,null,null,null,null
589,1.73421,-130,null,null,null,null,null,null,null,null,null,null,null,null
590,1.73455,-129,null,null,null,null,null,null,null,null,null,null,null,null
591,1.73473,-84,null,null,null,null,null,null,null,null,null,null,null,null
592,1.73492,-46,null,null,null,null,null,null,null,null,null,null,null,null
593,1.73513,-65,null,null,null,null,null,null,null,null,null,null,null,null
594,1.73527,-82,null,null,null,null,null,null,null,null,null,null,null,null
595,1.73540,-50,null,null,null,null,null,null,null,null,null,null,null,null
596,1.73555,-5,null,null,null,null,null,null,null,null,null,null,null,null
597,1.73576,-1,null,null,null,null,null,null,null,null,null,null,null,null
598,1.73592,-28,null,null,null,null,null,null,null,null,null,null,null,null
599,1.73609,-37,null,null,null,null,null,null,null,null,null,null,null,null
600,1.73623,-6,null,null,null,null,null,null,null,null,null,null,null,null
601,1.73638,18,null,null,null,null,null,null,null,null,null,null,null,null
602,1.73653,18,null,null,null,null,null,null,null,null,null,null,null,null
603,1.73668,21,null,null,null,null,null,null,null,null,null,null,null,null
604,1.73680,42,null,null,null,null,null,null,null,null,null,null,null,null
605,1.77745,68,null,null,null,null,null,null,null,null,null,null,null,null
606,1.77773,66,null,null,null,null,null,null,null,null,null,null,null,null
607,1.77800,51,null,null,null,null,null,null,null,null,null,null,null,null
608,1.77830,77,null,null,null,null,null,null,null,null,null,null,null,null
609,1.77849,123,null,null,null,null,null,null,null,null,null,null,null,null
610,1.77863,134,null,null,null,null,null,null,null,null,null,null,null,null
611,1.77877,130,null,null,null,null,null,null,null,null,null,null,null,null
612,1.77894,138,null,null,null,null,null,null,null,null,null,null,null,null
613,1.77913,154,null,null,null,null,null,null,null,null,null,null,null,null
614,1.77927,171,null,null,null,null,null,null,null,null,null,null,null,null
615,1.77941,182,null,null,null,null,null,null,null,null,null,null,null,null
616,1.77955,208,null,null,null,null,null,null,null,null,null,null,null,null
617,1.77968,242,null,null,null,null,null,null,null,null,null,null,null,null
618,1.77984,233,null,null,null,null,null,null,null,null,null,null,null,null
619,1.77998,172,null,null,null,null,null,null,null,null,null,null,null,null
620,1.78013,134,null,null,null,null,null,null,null,null,null,null,null,null
621,1.78027,137,null,null,null,null,null,null,null,null,null,null,null,null
622,1.78042,151,null,null,null,null,null,null,null,null,null,null,null,null
623,1.78055,124,null,null,null,null,null,null,null,null,null,null,null,null
624,1.78074,75,null,null,null,null,null,null,null,null,null,null,null,null
625,1.82492,45,null,null,null,null,null,null,null,null,null,null,null,null
626,1.82522,36,null,null,null,null,null,null,null,null,null,null,null,null
627,1.82808,32,null,null,null,null,null,null,null,null,null,null,null,null
628,1.82909,35,null,null,null,null,null,null,null,null,null,null,null,null
629,1.83169,43,null,null,null,null,null,null,null,null,null,null,null,null
630,1.83191,66,null,null,null,null,null,null,null,null,null,null,null,null
631,1.83362,60,null,null,null,null,null,null,null,null,null,null,null,null
632,1.83624,22,null,null,null,null,null,null,null,null,null,null,null,null
633,1.83757,2,null,null,null,null,null,null,null,null,null,null,null,null
634,1.83809,19,null,null,null,null,null,null,null,null,null,null,null,null
635,1.83826,35,null,null,null,null,null,null,null,null,null,null,null,null
636,1.83840,35,null,null,null,null,null,null,null,null,null,null,null,null
637,1.83870,45,null,null,null,null,null,null,null,null,null,null,null,null
638,1.83884,66,null,null,null,null,null,null,null,null,null,null,null,null
639,1.83896,90,null,null,null,null,null,null,null,null,null,null,null,null
640,1.83910,90,null,null,null,null,null,null,null,null,null,null,null,null
641,1.83922,48,null,null,null,null,null,null,null,null,null,null,null,null
642,1.83933,9,null,null,null,null,null,null,null,null,null,null,null,null
643,1.83949,2,null,null,null,null,null,null,null,null,null,null,null,null
644,1.83961,-4,null,null,null,null,null,null,null,null,null,null,null,null
645,1.84489,-10,null,null,null,null,null,null,null,null,null,null,null,null
646,1.84514,-1,null,null,null,null,null,null,null,null,null,null,null,null
647,1.84553,34,null,null,null,null,null,null,null,null,null,null,null,null
648,1.84578,52,null,null,null,null,null,null,null,null,null,null,null,null
649,1.84606,37,null,null,null,null,null,null,null,null,null,null,null,null
650,1.84626,27,null,null,null,null,null,null,null,null,null,null,null,null
651,1.84654,38,null,null,null,null,null,null,null,null,null,null,null,null
652,1.84672,60,null,null,null,null,null,null,null,null,null,null,null,null
653,1.84686,60,null,null,null,null,null,null,null,null,null,null,null,null
654,1.84700,49,null,null,null,null,null,null,null,null,null,null,null,null
655,1.84723,44,null,null,null,null,null,null,null,null,null,null,null,null
656,1.84744,40,null,null,null,null,null,null,null,null,null,null,null,null
657,1.84759,27,null,null,null,null,null,null,null,null,null,null,null,null
658,1.84773,24,null,null,null,null,null,null,null,null,null,null,null,null
659,1.84787,36,null,null,null,null,null,null,null,null,null,null,null,null
660,1.84799,55,null,null,null,null,null,null,null,null,null,null,null,null
661,1.84814,68,null,null,null,null,null,null,null,null,null,null,null,null
662,1.84829,53,null,null,null,null,null,null,null,null,null,null,null,null
663,1.84844,40,null,null,null,null,null,null,null,null,null,null,null,null
664,1.88924,49,null,null,null,null,null,null,null,null,null,null,null,null
665,1.88950,70,null,null,null,null,null,null,null,null,null,null,null,null
666,1.88998,76,null,null,null,null,null,null,null,null,null,null,null,null
667,1.89026,74,null,null,null,null,null,null,null,null,null,null,null,null
668,1.89060,84,null,null,null,null,null,null,null,null,null,null,null,null
669,1.89079,96,null,null,null,null,null,null,null,null,null,null,null,null
670,1.89102,74,null,null,null,null,null,null,null,null,null,null,null,null
671,1.89121,57,null,null,null,null,null,null,null,null,null,null,null,null
672,1.89137,74,null,null,null,null,null,null,null,null,null,null,null,null
673,1.89151,102,null,null,null,null,null,null,null,null,null,null,null,null
674,1.89164,106,null,null,null,null,null,null,null,null,null,null,null,null
675,1.89178,105,null,null,null,null,null,null,null,null,null,null,null,null
676,1.89197,113,null,null,null,null,null,null,null,null,null,null,null,null
677,1.89238,132,null,null,null,null,null,null,null,null,null,null,null,null
678,1.89259,136,null,null,null,null,null,null,null,null,null,null,null,null
679,1.89273,107,null,null,null,null,null,null,null,null,null,null,null,null
680,1.89287,87,null,null,null,null,null,null,null,null,null,null,null,null
681,1.89359,93,null,null,null,null,null,null,null,null,null,null,null,null
682,1.89399,93,null,null,null,null,null,null,null,null,null,null,null,null
683,1.89418,80,null,null,null,null,null,null,null,null,null,null,null,null
684,1.93412,80,null,null,null,null,null,null,null,null,null,null,null,null
685,1.93439,100,null,null,null,null,null,null,null,null,null,null,null,null
686,1.93472,112,null,null,null,null,null,null,null,null,null,null,null,null
687,1.93501,98,null,null,null,null,null,null,null,null,null,null,null,null
688,1.93524,76,null,null,null,null,null,null,null,null,null,null,null,null
689,1.93543,77,null,null,null,null,null,null,null,null,null,null,null,null
690,1.93558,88,null,null,null,null,null,null,null,null,null,null,null,null
691,1.93572,81,null,null,null,null,null,null,null,null,null,null,null,null
692,1.93595,59,null,null,null,null,null,null,null,null,null,null,null,null
693,1.93620,58,null,null,null,null,null,null,null,null,null,null,null,null
694,1.93640,73,null,null,null,null,null,null,null,null,null,null,null,null
695,1.93657,76,null,null,null,null,null,null,null,null,null,null,null,null
696,1.93671,68,null,null,null,null,null,null,null,null,null,null,null,null
697,1.93689,53,null,null,null,null,null,null,null,null,null,null,null,null
698,1.93705,49,null,null,null,null,null,null,null,null,null,null,null,null
699,1.93725,54,null,null,null,null,null,null,null,null,null,null,null,null
700,1.93743,25,null,null,null,null,null,null,null,null,null,null,null,null
701,1.93757,-9,null,null,null,null,null,null,null,null,null,null,null,null
702,1.93772,-8,null,null,null,null,null,null,null,null,null,null,null,null
703,2.00121,13,null,null,null,null,null,null,null,null,null,null,null,null
704,2.00154,18,null,null,null,null,null,null,null,null,null,null,null,null
705,2.00192,9,null,null,null,null,null,null,null,null,null,null,null,null
706,2.00216,25,null,null,null,null,null,null,null,null,null,null,null,null
707,2.00236,68,null,null,null,null,null,null,null,null,null,null,null,null
708,2.00251,89,null,null,null,null,null,null,null,null,null,null,null,null
709,2.00268,84,null,null,null,null,null,null,null,null,null,null,null,null
710,2.00285,87,null,null,null,null,null,null,null,null,null,null,null,null
711,2.00298,101,null,null,null,null,null,null,null,null,null,null,null,null
712,2.00311,84,null,null,null,null,null,null,null,null,null,null,null,null
713,2.00325,37,null,null,null,null,null,null,null,null,null,null,null,null
714,2.00342,22,null,null,null,null,null,null,null,null,null,null,null,null
715,2.00359,39,null,null,null,null,null,null,null,null,null,null,null,null
716,2.00373,48,null,null,null,null,null,null,null,null,null,null,null,null
717,2.00386,27,null,null,null,null,null,null,null,null,null,null,null,null
718,2.00408,22,null,null,null,null,null,null,null,null,null,null,null,null
719,2.00425,54,null,null,null,null,null,null,null,null,null,null,null,null
720,2.00438,98,null,null,null,null,null,null,null,null,null,null,null,null
721,2.00450,99,null,null,null,null,null,null,null,null,null,null,null,null
722,2.00464,74,null,null,null,null,null,null,null,null,null,null,null,null
723,2.02138,70,null,null,null,null,null,null,null,null,null,null,null,null
724,2.02167,99,null,null,null,null,null,null,null,null,null,null,null,null
725,2.02205,119,null,null,null,null,null,null,null,null,null,null,null,null
726,2.02237,107,null,null,null,null,null,null,null,null,null,null,null,null
727,2.02265,91,null,null,null,null,null,null,null,null,null,null,null,null
728,2.02289,88,null,null,null,null,null,null,null,null,null,null,null,null
729,2.02307,84,null,null,null,null,null,null,null,null,null,null,null,null
730,2.02329,68,null,null,null,null,null,null,null,null,null,null,null,null
731,2.02371,67,null,null,null,null,null,null,null,null,null,null,null,null
732,2.02407,86,null,null,null,null,null,null,null,null,null,null,null,null
733,2.02428,91,null,null,null,null,null,null,null,null,null,null,null,null
734,2.02444,64,null,null,null,null,null,null,null,null,null,null,null,null
735,2.02459,37,null,null,null,null,null,null,null,null,null,null,null,null
736,2.02480,52,null,null,null,null,null,null,null,null,null,null,null,null
737,2.02496,92,null,null,null,null,null,null,null,null,null,null,null,null
738,2.02509,105,null,null,null,null,null,null,null,null,null,null,null,null
739,2.02524,93,null,null,null,null,null,null,null,null,null,null,null,null
740,2.02539,92,null,null,null,null,null,null,null,null,null,null,null,null
741,2.02559,113,null,null,null,null,null,null,null,null,null,null,null,null
742,2.02574,128,null,null,null,null,null,null,null,null,null,null,null,null
743,2.05510,112,null,null,null,null,null,null,null,null,null,null,null,null
744,2.05570,106,null,null,null,null,null,null,null,null,null,null,null,null
745,2.05827,129,null,null,null,null,null,null,null,null,null,null,null,null
746,2.06031,150,null,null,null,null,null,null,null,null,null,null,null,null
747,2.06447,144,null,null,null,null,null,null,null,null,null,null,null,null
748,2.06736,131,null,null,null,null,null,null,null,null,null,null,null,null
749,2.07025,149,null,null,null,null,null,null,null,null,null,null,null,null
750,2.07249,171,null,null,null,null,null,null,null,null,null,null,null,null
751,2.07271,155,null,null,null,null,null,null,null,null,null,null,null,null
752,2.07452,124,null,null,null,null,null,null,null,null,null,null,null,null
753,2.07470,120,null,null,null,null,null,null,null,null,null,null,null,null
754,2.07583,123,null,null,null,null,null,null,null,null,null,null,null,null
755,2.07603,101,null,null,null,null,null,null,null,null,null,null,null,null
756,2.07808,53,null,null,null,null,null,null,null,null,null,null,null,null
757,2.07824,25,null,null,null,null,null,null,null,null,null,null,null,null
758,2.07840,37,null,null,null,null,null,null,null,null,null,null,null,null
759,2.08065,43,null,null,null,null,null,null,null,null,null,null,null,null
760,2.08083,27,null,null,null,null,null,null,null,null,null,null,null,null
761,2.08096,25,null,null,null,null,null,null,null,null,null,null,null,null
762,2.09163,56,null,null,null,null,null,null,null,null,null,null,null,null
763,2.09188,74,null,null,null,null,null,null,null,null,null,null,null,null
764,2.09214,45,null,null,null,null,null,null,null,null,null,null,null,null
765,2.09236,10,null,null,null,null,null,null,null,null,null,null,null,null
766,2.09256,21,null,null,null,null,null,null,null,null,null,null,null,null
767,2.09273,57,null,null,null,null,null,null,null,null,null,null,null,null
768,2.09293,55,null,null,null,null,null,null,null,null,null,null,null,null
769,2.09308,21,null,null,null,null,null,null,null,null,null,null,null,null
770,2.09322,7,null,null,null,null,null,null,null,null,null,null,null,null
771,2.09343,12,null,null,null,null,null,null,null,null,null,null,null,null
772,2.09357,16,null,null,null,null,null,null,null,null,null,null,null,null
773,2.09370,16,null,null,null,null,null,null,null,null,null,null,null,null
774,2.09384,1,null,null,null,null,null,null,null,null,null,null,null,null
775,2.09404,-5,null,null,null,null,null,null,null,null,null,null,null,null
776,2.09422,10,null,null,null,null,null,null,null,null,null,null,null,null
777,2.09437,20,null,null,null,null,null,null,null,null,null,null,null,null
778,2.09451,8,null,null,null,null,null,null,null,null,null,null,null,null
779,2.09465,10,null,null,null,null,null,null,null,null,null,null,null,null
780,2.09481,19,null,null,null,null,null,null,null,null,null,null,null,null
781,2.09497,11,null,null,null,null,null,null,null,null,null,null,null,null
782,2.11434,-1,null,null,null,null,null,null,null,null,null,null,null,null
783,2.11465,-9,null,null,null,null,null,null,null,null,null,null,null,null
784,2.11506,-9,null,null,null,null,null,null,null,null,null,null,null,null
785,2.11529,-21,null,null,null,null,null,null,null,null,null,null,null,null
786,2.11552,-29,null,null,null,null,null,null,null,null,null,null,null,null
787,2.11568,-13,null,null,null,null,null,null,null,null,null,null,null,null
788,2.11584,-1,null,null,null,null,null,null,null,null,null,null,null,null
789,2.11598,-11,null,null,null,null,null,null,null,null,null,null,null,null
790,2.11611,-24,null,null,null,null,null,null,null,null,null,null,null,null
791,2.11624,-1,null,null,null,null,null,null,null,null,null,null,null,null
792,2.11637,43,null,null,null,null,null,null,null,null,null,null,null,null
793,2.11654,69,null,null,null,null,null,null,null,null,null,null,null,null
794,2.11667,59,null,null,null,null,null,null,null,null,null,null,null,null
795,2.11679,52,null,null,null,null,null,null,null,null,null,null,null,null
796,2.11691,56,null,null,null,null,null,null,null,null,null,null,null,null
797,2.11708,45,null,null,null,null,null,null,null,null,null,null,null,null
798,2.15970,null,37,38,1709101,83797,52511,24400,15082,21149,13705,8432,0,null
799,2.16000,11,null,null,null,null,null,null,null,null,null,null,null,null
800,2.16033,-12,null,null,null,null,null,null,null,null,null,null,null,null
801,2.16057,-29,null,null,null,null,null,null,null,null,null,null,null,null
802,2.16087,-44,null,null,null,null,null,null,null,null,null,null,null,null
803,2.16117,-57,null,null,null,null,null,null,null,null,null,null,null,null
804,2.16145,-74,null,null,null,null,null,null,null,null,null,null,null,null
805,2.16167,-86,null,null,null,null,null,null,null,null,null,null,null,null
806,2.16183,-85,null,null,null,null,null,null,null,null,null,null,null,null
807,2.16197,-87,null,null,null,null,null,null,null,null,null,null,null,null
808,2.16212,-101,null,null,null,null,null,null,null,null,null,null,null,null
809,2.16225,-70,null,null,null,null,null,null,null,null,null,null,null,null
810,2.16238,-37,null,null,null,null,null,null,null,null,null,null,null,null
811,2.16259,-42,null,null,null,null,null,null,null,null,null,null,null,null
812,2.16277,-69,null,null,null,null,null,null,null,null,null,null,null,null
813,2.16292,-70,null,null,null,null,null,null,null,null,null,null,null,null
814,2.16317,-39,null,null,null,null,null,null,null,null,null,null,null,null
815,2.16335,-11,null,null,null,null,null,null,null,null,null,null,null,null
816,2.16349,-12,null,null,null,null,null,null,null,null,null,null,null,null
817,2.16361,-7,null,null,null,null,null,null,null,null,null,null,null,null
818,2.18203,8,null,null,null,null,null,null,null,null,null,null,null,null
819,2.18239,33,null,null,null,null,null,null,null,null,null,null,null,null
820,2.18269,39,null,null,null,null,null,null,null,null,null,null,null,null
821,2.18290,33,null,null,null,null,null,null,null,null,null,null,null,null
822,2.18325,42,null,null,null,null,null,null,null,null,null,null,null,null
823,2.18346,81,null,null,null,null,null,null,null,null,null,null,null,null
824,2.18369,100,null,null,null,null,null,null,null,null,null,null,null,null
825,2.18395,89,null,null,null,null,null,null,null,null,null,null,null,null
826,2.18415,85,null,null,null,null,null,null,null,null,null,null,null,null
827,2.18437,101,null,null,null,null,null,null,null,null,null,null,null,null
828,2.18471,112,null,null,null,null,null,null,null,null,null,null,null,null
829,2.18486,96,null,null,null,null,null,null,null,null,null,null,null,null
830,2.18505,75,null,null,null,null,null,null,null,null,null,null,null,null
831,2.18524,66,null,null,null,null,null,null,null,null,null,null,null,null
832,2.18539,65,null,null,null,null,null,null,null,null,null,null,null,null
833,2.18551,52,null,null,null,null,null,null,null,null,null,null,null,null
834,2.18570,48,null,null,null,null,null,null,null,null,null,null,null,null
835,2.18597,60,null,null,null,null,null,null,null,null,null,null,null,null
836,2.18658,74,null,null,null,null,null,null,null,null,null,null,null,null
837,2.22709,76,null,null,null,null,null,null,null,null,null,null,null,null
838,2.22738,82,null,null,null,null,null,null,null,null,null,null,null,null
839,2.22998,100,null,null,null,null,null,null,null,null,null,null,null,null
840,2.23078,102,null,null,null,null,null,null,null,null,null,null,null,null
841,2.23116,66,null,null,null,null,null,null,null,null,null,null,null,null
842,2.23134,32,null,null,null,null,null,null,null,null,null,null,null,null
843,2.23171,57,null,null,null,null,null,null,null,null,null,null,null,null
844,2.23202,123,null,null,null,null,null,null,null,null,null,null,null,null
845,2.23220,152,null,null,null,null,null,null,null,null,null,null,null,null
846,2.23238,123,null,null,null,null,null,null,null,null,null,null,null,null
847,2.23258,93,null,null,null,null,null,null,null,null,null,null,null,null
848,2.23277,102,null,null,null,null,null,null,null,null,null,null,null,null
849,2.23298,134,null,null,null,null,null,null,null,null,null,null,null,null
850,2.23333,134,null,null,null,null,null,null,null,null,null,null,null,null
851,2.23352,107,null,null,null,null,null,null,null,null,null,null,null,null
852,2.23368,80,null,null,null,null,null,null,null,null,null,null,null,null
853,2.23389,49,null,null,null,null,null,null,null,null,null,null,null,null
854,2.23406,19,null,null,null,null,null,null,null,null,null,null,null,null
855,2.23421,-3,null,null,null,null,null,null,null,null,null,null,null,null
856,2.23442,-8,null,null,null,null,null,null,null,null,null,null,null,null
857,2.29106,3,null,null,null,null,null,null,null,null,null,null,null,null
858,2.29158,16,null,null,null,null,null,null,null,null,null,null,null,null
859,2.29260,11,null,null,null,null,null,null,null,null,null,null,null,null
860,2.29353,6,null,null,null,null,null,null,null,null,null,null,null,null
861,2.30417,24,null,null,null,null,null,null,null,null,null,null,null,null
862,2.30435,44,null,null,null,null,null,null,null,null,null,null,null,null
863,2.31236,36,null,null,null,null,null,null,null,null,null,null,null,null
864,2.31267,16,null,null,null,null,null,null,null,null,null,null,null,null
865,2.31682,-4,null,null,null,null,null,null,null,null,null,null,null,null
866,2.32043,-19,null,null,null,null,null,null,null,null,null,null,null,null
867,2.32060,-43,null,null,null,null,null,null,null,null,null,null,null,null
868,2.32710,-67,null,null,null,null,null,null,null,null,null,null,null,null
869,2.32760,-67,null,null,null,null,null,null,null,null,null,null,null,null
870,2.32864,-56,null,null,null,null,null,null,null,null,null,null,null,null
871,2.32881,-41,null,null,null,null,null,null,null,null,null,null,null,null
872,2.32894,-38,null,null,null,null,null,null,null,null,null,null,null,null
873,2.33014,-50,null,null,null,null,null,null,null,null,null,null,null,null
874,2.33031,-49,null,null,null,null,null,null,null,null,null,null,null,null
875,2.33045,-22,null,null,null,null,null,null,null,null,null,null,null,null
876,2.33061,-23,null,null,null,null,null,null,null,null,null,null,null,null
877,2.33142,-46,null,null,null,null,null,null,null,null,null,null,null,null
878,2.33164,-51,null,null,null,null,null,null,null,null,null,null,null,null
879,2.33197,-42,null,null,null,null,null,null,null,null,null,null,null,null
880,2.33227,-57,null,null,null,null,null,null,null,null,null,null,null,null
881,2.33257,-75,null,null,null,null,null,null,null,null,null,null,null,null
882,2.33272,-62,null,null,null,null,null,null,null,null,null,null,null,null
883,2.33286,-36,null,null,null,null,null,null,null,null,null,null,null,null
884,2.33299,-38,null,null,null,null,null,null,null,null,null,null,null,null
885,2.33584,-44,null,null,null,null,null,null,null,null,null,null,null,null
886,2.33858,-42,null,null,null,null,null,null,null,null,null,null,null,null
887,2.33888,-42,null,null,null,null,null,null,null,null,null,null,null,null
888,2.34287,-45,null,null,null,null,null,null,null,null,null,null,null,null
889,2.34306,-58,null,null,null,null,null,null,null,null,null,null,null,null
890,2.34382,-69,null,null,null,null,null,null,null,null,null,null,null,null
891,2.34399,-56,null,null,null,null,null,null,null,null,null,null,null,null
892,2.34459,-42,null,null,null,null,null,null,null,null,null,null,null,null
893,2.34475,-49,null,null,null,null,null,null,null,null,null,null,null,null
894,2.34492,-57,null,null,null,null,null,null,null,null,null,null,null,null
895,2.34508,-51,null,null,null,null,null,null,null,null,null,null,null,null
896,2.34626,-41,null,null,null,null,null,null,null,null,null,null,null,null
897,2.34649,-42,null,null,null,null,null,null,null,null,null,null,null,null
898,2.34750,-26,null,null,null,null,null,null,null,null,null,null,null,null
899,2.34777,-2,null,null,null,null,null,null,null,null,null,null,null,null
900,2.34808,-1,null,null,null,null,null,null,null,null,null,null,null,null
901,2.34824,-21,null,null,null,null,null,null,null,null,null,null,null,null
902,2.34838,-41,null,null,null,null,null,null,null,null,null,null,null,null
903,2.34852,-36,null,null,null,null,null,null,null,null,null,null,null,null
904,2.34883,8,null,null,null,null,null,null,null,null,null,null,null,null
905,2.34899,40,null,null,null,null,null,null,null,null,null,null,null,null
906,2.34913,41,null,null,null,null,null,null,null,null,null,null,null,null
907,2.34926,29,null,null,null,null,null,null,null,null,null,null,null,null
908,2.34939,12,null,null,null,null,null,null,null,null,null,null,null,null
909,2.34967,-6,null,null,null,null,null,null,null,null,null,null,null,null
910,2.34987,-13,null,null,null,null,null,null,null,null,null,null,null,null
911,2.35008,0,null,null,null,null,null,null,null,null,null,null,null,null
912,2.35021,13,null,null,null,null,null,null,null,null,null,null,null,null
913,2.35038,42,null,null,null,null,null,null,null,null,null,null,null,null
914,2.35061,56,null,null,null,null,null,null,null,null,null,null,null,null
915,2.35074,36,null,null,null,null,null,null,null,null,null,null,null,null
916,2.38466,19,null,null,null,null,null,null,null,null,null,null,null,null
917,2.38495,25,null,null,null,null,null,null,null,null,null,null,null,null
918,2.38528,36,null,null,null,null,null,null,null,null,null,null,null,null
919,2.38557,33,null,null,null,null,null,null,null,null,null,null,null,null
920,2.38627,24,null,null,null,null,null,null,null,null,null,null,null,null
921,2.38694,25,null,null,null,null,null,null,null,null,null,null,null,null
922,2.38712,12,null,null,null,null,null,null,null,null,null,null,null,null
923,2.38731,-12,null,null,null,null,null,null,null,null,null,null,null,null
924,2.38750,-6,null,null,null,null,null,null,null,null,null,null,null,null
925,2.38769,33,null,null,null,null,null,null,null,null,null,null,null,null
926,2.38784,68,null,null,null,null,null,null,null,null,null,null,null,null
927,2.38797,76,null,null,null,null,null,null,null,null,null,null,null,null
928,2.38810,84,null,null,null,null,null,null,null,null,null,null,null,null
929,2.38825,100,null,null,null,null,null,null,null,null,null,null,null,null
930,2.38839,121,null,null,null,null,null,null,null,null,null,null,null,null
931,2.38864,128,null,null,null,null,null,null,null,null,null,null,null,null
932,2.38877,121,null,null,null,null,null,null,null,null,null,null,null,null
933,2.38889,118,null,null,null,null,null,null,null,null,null,null,null,null
934,2.38900,131,null,null,null,null,null,null,null,null,null,null,null,null
935,2.43043,144,null,null,null,null,null,null,null,null,null,null,null,null
936,2.43070,121,null,null,null,null,null,null,null,null,null,null,null,null
937,2.43100,101,null,null,null,null,null,null,null,null,null,null,null,null
938,2.43128,115,null,null,null,null,null,null,null,null,null,null,null,null
939,2.43146,135,null,null,null,null,null,null,null,null,null,null,null,null
940,2.43173,128,null,null,null,null,null,null,null,null,null,null,null,null
941,2.43191,108,null,null,null,null,null,null,null,null,null,null,null,null
942,2.43207,104,null,null,null,null,null,null,null,null,null,null,null,null
943,2.43224,107,null,null,null,null,null,null,null,null,null,null,null,null
944,2.43241,88,null,null,null,null,null,null,null,null,null,null,null,null
945,2.43254,69,null,null,null,null,null,null,null,null,null,null,null,null
946,2.43267,70,null,null,null,null,null,null,null,null,null,null,null,null
947,2.43283,68,null,null,null,null,null,null,null,null,null,null,null,null
948,2.43300,28,null,null,null,null,null,null,null,null,null,null,null,null
949,2.43313,-11,null,null,null,null,null,null,null,null,null,null,null,null
950,2.43328,-23,null,null,null,null,null,null,null,null,null,null,null,null
951,2.43349,-8,null,null,null,null,null,null,null,null,null,null,null,null
952,2.43366,-2,null,null,null,null,null,null,null,null,null,null,null,null
953,2.43391,-5,null,null,null,null,null,null,null,null,null,null,null,null
954,2.43408,8,null,null,null,null,null,null,null,null,null,null,null,null
955,2.45185,36,null,null,null,null,null,null,null,null,null,null,null,null
956,2.45217,44,null,null,null,null,null,null,null,null,null,null,null,null
957,2.45236,28,null,null,null,null,null,null,null,null,null,null,null,null
958,2.45258,23,null,null,null,null,null,null,null,null,null,null,null,null
959,2.45280,36,null,null,null,null,null,null,null,null,null,null,null,null
960,2.45296,37,null,null,null,null,null,null,null,null,null,null,null,null
961,2.45312,21,null,null,null,null,null,null,null,null,null,null,null,null
962,2.45327,18,null,null,null,null,null,null,null,null,null,null,null,null
963,2.45340,28,null,null,null,null,null,null,null,null,null,null,null,null
964,2.45354,43,null,null,null,null,null,null,null,null,null,null,null,null
965,2.45368,51,null,null,null,null,null,null,null,null,null,null,null,null
966,2.45381,50,null,null,null,null,null,null,null,null,null,null,null,null
967,2.45394,56,null,null,null,null,null,null,null,null,null,null,null,null
968,2.45413,87,null,null,null,null,null,null,null,null,null,null,null,null
969,2.45432,106,null,null,null,null,null,null,null,null,null,null,null,null
970,2.45449,96,null,null,null,null,null,null,null,null,null,null,null,null
971,2.45464,86,null,null,null,null,null,null,null,null,null,null,null,null
972,2.45479,102,null,null,null,null,null,null,null,null,null,null,null,null
973,2.45493,121,null,null,null,null,null,null,null,null,null,null,null,null
974,2.45508,118,null,null,null,null,null,null,null,null,null,null,null,null
975,2.49718,100,null,null,null,null,null,null,null,null,null,null,null,null
976,2.49752,100,null,null,null,null,null,null,null,null,null,null,null,null
977,2.49791,122,null,null,null,null,null,null,null,null,null,null,null,null
978,2.49832,129,null,null,null,null,null,null,null,null,null,null,null,null
979,2.49862,112,null,null,null,null,null,null,null,null,null,null,null,null
980,2.49895,119,null,null,null,null,null,null,null,null,null,null,null,null
981,2.49915,148,null,null,null,null,null,null,null,null,null,null,null,null
982,2.50209,156,null,null,null,null,null,null,null,null,null,null,null,null
983,2.50726,135,null,null,null,null,null,null,null,null,null,null,null,null
984,2.51210,131,null,null,null,null,null,null,null,null,null,null,null,null
985,2.51233,150,null,null,null,null,null,null,null,null,null,null,null,null
986,2.51453,151,null,null,null,null,null,null,null,null,null,null,null,null
987,2.51489,106,null,null,null,null,null,null,null,null,null,null,null,null
988,2.52253,71,null,null,null,null,null,null,null,null,null,null,null,null
989,2.52276,80,null,null,null,null,null,null,null,null,null,null,null,null
990,2.52291,106,null,null,null,null,null,null,null,null,null,null,null,null
991,2.52466,119,null,null,null,null,null,null,null,null,null,null,null,null
992,2.52481,125,null,null,null,null,null,null,null,null,null,null,null,null
993,2.52494,139,null,null,null,null,null,null,null,null,null,null,null,null
994,2.54563,144,null,null,null,null,null,null,null,null,null,null,null,null
995,2.54593,115,null,null,null,null,null,null,null,null,null,null,null,null
996,2.54627,81,null,null,null,null,null,null,null,null,null,null,null,null
997,2.54661,73,null,null,null,null,null,null,null,null,null,null,null,null
998,2.54686,74,null,null,null,null,null,null,null,null,null,null,null,null
999,2.54708,48,null,null,null,null,null,null,null,null,null,null,null,null
1000,2.54729,-3,null,null,null,null,null,null,null,null,null,null,null,null
1001,2.54743,-25,null,null,null,null,null,null,null,null,null,null,null,null
1002,2.54757,-20,null,null,null,null,null,null,null,null,null,null,null,null
1003,2.54782,0,null,null,null,null,null,null,null,null,null,null,null,null
1004,2.54796,13,null,null,null,null,null,null,null,null,null,null,null,null
1005,2.54815,21,null,null,null,null,null,null,null,null,null,null,null,null
1006,2.54837,28,null,null,null,null,null,null,null,null,null,null,null,null
1007,2.54857,29,null,null,null,null,null,null,null,null,null,null,null,null
1008,2.54873,12,null,null,null,null,null,null,null,null,null,null,null,null
1009,2.54891,0,null,null,null,null,null,null,null,null,null,null,null,null
1010,2.54913,1,null,null,null,null,null,null,null,null,null,null,null,null
1011,2.54932,4,null,null,null,null,null,null,null,null,null,null,null,null
1012,2.54957,-5,null,null,null,null,null,null,null,null,null,null,null,null
1013,2.54975,-4,null,null,null,null,null,null,null,null,null,null,null,null
1014,2.56657,-1,null,null,null,null,null,null,null,null,null,null,null,null
1015,2.56684,1,null,null,null,null,null,null,null,null,null,null,null,null
1016,2.56717,-3,null,null,null,null,null,null,null,null,null,null,null,null
1017,2.56741,-13,null,null,null,null,null,null,null,null,null,null,null,null
1018,2.56759,-22,null,null,null,null,null,null,null,null,null,null,null,null
1019,2.56773,-24,null,null,null,null,null,null,null,null,null,null,null,null
1020,2.56795,-19,null,null,null,null,null,null,null,null,null,null,null,null
1021,2.56816,-13,null,null,null,null,null,null,null,null,null,null,null,null
1022,2.56830,-5,null,null,null,null,null,null,null,null,null,null,null,null
1023,2.56852,23,null,null,null,null,null,null,null,null,null,null,null,null
1024,2.56868,49,null,null,null,null,null,null,null,null,null,null,null,null
1025,2.56889,35,null,null,null,null,null,null,null,null,null,null,null,null
1026,2.56907,3,null,null,null,null,null,null,null,null,null,null,null,null
1027,2.56927,-5,null,null,null,null,null,null,null,null,null,null,null,null
1028,2.56941,8,null,null,null,null,null,null,null,null,null,null,null,null
1029,2.56953,19,null,null,null,null,null,null,null,null,null,null,null,null
1030,2.56965,22,null,null,null,null,null,null,null,null,null,null,null,null
1031,2.56979,29,null,null,null,null,null,null,null,null,null,null,null,null
1032,2.56991,39,null,null,null,null,null,null,null,null,null,null,null,null
1033,2.57007,45,null,null,null,null,null,null,null,null,null,null,null,null
1034,2.60979,56,null,null,null,null,null,null,null,null,null,null,null,null
1035,2.61005,81,null,null,null,null,null,null,null,null,null,null,null,null
1036,2.61031,107,null,null,null,null,null,null,null,null,null,null,null,null
1037,2.61065,116,null,null,null,null,null,null,null,null,null,null,null,null
1038,2.61090,102,null,null,null,null,null,null,null,null,null,null,null,null
1039,2.61109,93,null,null,null,null,null,null,null,null,null,null,null,null
1040,2.61128,100,null,null,null,null,null,null,null,null,null,null,null,null
1041,2.61149,117,null,null,null,null,null,null,null,null,null,null,null,null
1042,2.61173,115,null,null,null,null,null,null,null,null,null,null,null,null
1043,2.61195,91,null,null,null,null,null,null,null,null,null,null,null,null
1044,2.61215,93,null,null,null,null,null,null,null,null,null,null,null,null
1045,2.61235,124,null,null,null,null,null,null,null,null,null,null,null,null
1046,2.61256,146,null,null,null,null,null,null,null,null,null,null,null,null
1047,2.61273,134,null,null,null,null,null,null,null,null,null,null,null,null
1048,2.61288,119,null,null,null,null,null,null,null,null,null,null,null,null
1049,2.61309,113,null,null,null,null,null,null,null,null,null,null,null,null
1050,2.61329,108,null,null,null,null,null,null,null,null,null,null,null,null
1051,2.61344,104,null,null,null,null,null,null,null,null,null,null,null,null
1052,2.61366,124,null,null,null,null,null,null,null,null,null,null,null,null
1053,2.65473,166,null,null,null,null,null,null,null,null,null,null,null,null
1054,2.65504,187,null,null,null,null,null,null,null,null,null,null,null,null
1055,2.65550,153,null,null,null,null,null,null,null,null,null,null,null,null
1056,2.65590,113,null,null,null,null,null,null,null,null,null,null,null,null
1057,2.65648,106,null,null,null,null,null,null,null,null,null,null,null,null
1058,2.65699,98,null,null,null,null,null,null,null,null,null,null,null,null
1059,2.65719,36,null,null,null,null,null,null,null,null,null,null,null,null
1060,2.65780,-38,null,null,null,null,null,null,null,null,null,null,null,null
1061,2.65822,-51,null,null,null,null,null,null,null,null,null,null,null,null
1062,2.65860,-30,null,null,null,null,null,null,null,null,null,null,null,null
1063,2.65879,-44,null,null,null,null,null,null,null,null,null,null,null,null
1064,2.65908,-74,null,null,null,null,null,null,null,null,null,null,null,null
1065,2.65934,-68,null,null,null,null,null,null,null,null,null,null,null,null
1066,2.65960,-35,null,null,null,null,null,null,null,null,null,null,null,null
1067,2.65979,-22,null,null,null,null,null,null,null,null,null,null,null,null
1068,2.66023,-40,null,null,null,null,null,null,null,null,null,null,null,null
1069,2.66048,-53,null,null,null,null,null,null,null,null,null,null,null,null
1070,2.66061,-40,null,null,null,null,null,null,null,null,null,null,null,null
1071,2.66074,-28,null,null,null,null,null,null,null,null,null,null,null,null
1072,2.66088,-39,null,null,null,null,null,null,null,null,null,null,null,null
1073,2.69967,-39,null,null,null,null,null,null,null,null,null,null,null,null
1074,2.70005,-6,null,null,null,null,null,null,null,null,null,null,null,null
1075,2.70031,35,null,null,null,null,null,null,null,null,null,null,null,null
1076,2.70058,49,null,null,null,null,null,null,null,null,null,null,null,null
1077,2.70082,40,null,null,null,null,null,null,null,null,null,null,null,null
1078,2.70105,57,null,null,null,null,null,null,null,null,null,null,null,null
1079,2.70122,88,null,null,null,null,null,null,null,null,null,null,null,null
1080,2.70143,84,null,null,null,null,null,null,null,null,null,null,null,null
1081,2.70165,68,null,null,null,null,null,null,null,null,null,null,null,null
1082,2.70188,67,null,null,null,null,null,null,null,null,null,null,null,null
1083,2.70204,83,null,null,null,null,null,null,null,null,null,null,null,null
1084,2.70229,104,null,null,null,null,null,null,null,null,null,null,null,null
1085,2.70243,113,null,null,null,null,null,null,null,null,null,null,null,null
1086,2.70257,121,null,null,null,null,null,null,null,null,null,null,null,null
1087,2.70271,148,null,null,null,null,null,null,null,null,null,null,null,null
1088,2.70300,172,null,null,null,null,null,null,null,null,null,null,null,null
1089,2.70315,167,null,null,null,null,null,null,null,null,null,null,null,null
1090,2.70329,120,null,null,null,null,null,null,null,null,null,null,null,null
1091,2.70342,88,null,null,null,null,null,null,null,null,null,null,null,null
1092,2.72181,86,null,null,null,null,null,null,null,null,null,null,null,null
1093,2.72229,71,null,null,null,null,null,null,null,null,null,null,null,null
1094,2.72263,35,null,null,null,null,null,null,null,null,null,null,null,null
1095,2.72303,8,null,null,null,null,null,null,null,null,null,null,null,null
1096,2.72330,12,null,null,null,null,null,null,null,null,null,null,null,null
1097,2.72369,24,null,null,null,null,null,null,null,null,null,null,null,null
1098,2.72391,28,null,null,null,null,null,null,null,null,null,null,null,null
1099,2.72406,38,null,null,null,null,null,null,null,null,null,null,null,null
1100,2.72426,56,null,null,null,null,null,null,null,null,null,null,null,null
1101,2.72593,65,null,null,null,null,null,null,null,null,null,null,null,null
1102,2.72645,59,null,null,null,null,null,null,null,null,null,null,null,null
1103,2.72661,60,null,null,null,null,null,null,null,null,null,null,null,null
1104,2.72674,74,null,null,null,null,null,null,null,null,null,null,null,null
1105,2.72688,91,null,null,null,null,null,null,null,null,null,null,null,null
1106,2.72702,85,null,null,null,null,null,null,null,null,null,null,null,null
1107,2.72716,73,null,null,null,null,null,null,null,null,null,null,null,null
1108,2.72736,101,null,null,null,null,null,null,null,null,null,null,null,null
1109,2.72752,149,null,null,null,null,null,null,null,null,null,null,null,null
1110,2.72767,167,null,null,null,null,null,null,null,null,null,null,null,null
1111,2.72781,160,null,null,null,null,null,null,null,null,null,null,null,null
1112,2.77116,146,null,null,null,null,null,null,null,null,null,null,null,null
1113,2.77149,130,null,null,null,null,null,null,null,null,null,null,null,null
1114,2.77363,105,null,null,null,null,null,null,null,null,null,null,null,null
1115,2.77764,76,null,null,null,null,null,null,null,null,null,null,null,null
1116,2.77960,60,null,null,null,null,null,null,null,null,null,null,null,null
1117,2.77978,59,null,null,null,null,null,null,null,null,null,null,null,null
1118,2.78106,60,null,null,null,null,null,null,null,null,null,null,null,null
1119,2.78325,54,null,null,null,null,null,null,null,null,null,null,null,null
1120,2.78676,52,null,null,null,null,null,null,null,null,null,null,null,null
1121,2.79096,50,null,null,null,null,null,null,null,null,null,null,null,null
1122,2.79124,39,null,null,null,null,null,null,null,null,null,null,null,null
1123,2.79628,17,null,null,null,null,null,null,null,null,null,null,null,null
1124,2.79649,9,null,null,null,null,null,null,null,null,null,null,null,null
1125,2.79665,21,null,null,null,null,null,null,null,null,null,null,null,null
1126,2.79681,32,null,null,null,null,null,null,null,null,null,null,null,null
1127,2.79700,24,null,null,null,null,null,null,null,null,null,null,null,null
1128,2.79718,6,null,null,null,null,null,null,null,null,null,null,null,null
1129,2.79735,4,null,null,null,null,null,null,null,null,null,null,null,null
1130,2.79767,18,null,null,null,null,null,null,null,null,null,null,null,null
1131,2.79804,25,null,null,null,null,null,null,null,null,null,null,null,null
1132,2.81205,16,null,null,null,null,null,null,null,null,null,null,null,null
1133,2.81232,11,null,null,null,null,null,null,null,null,null,null,null,null
1134,2.81264,13,null,null,null,null,null,null,null,null,null,null,null,null
1135,2.81291,4,null,null,null,null,null,null,null,null,null,null,null,null
1136,2.81318,-3,null,null,null,null,null,null,null,null,null,null,null,null
1137,2.81334,16,null,null,null,null,null,null,null,null,null,null,null,null
1138,2.81349,55,null,null,null,null,null,null,null,null,null,null,null,null
1139,2.81364,76,null,null,null,null,null,null,null,null,null,null,null,null
1140,2.81378,56,null,null,null,null,null,null,null,null,null,null,null,null
1141,2.81392,33,null,null,null,null,null,null,null,null,null,null,null,null
1142,2.81408,24,null,null,null,null,null,null,null,null,null,null,null,null
1143,2.81424,38,null,null,null,null,null,null,null,null,null,null,null,null
1144,2.81442,54,null,null,null,null,null,null,null,null,null,null,null,null
1145,2.81460,59,null,null,null,null,null,null,null,null,null,null,null,null
1146,2.81477,80,null,null,null,null,null,null,null,null,null,null,null,null
1147,2.81491,92,null,null,null,null,null,null,null,null,null,null,null,null
1148,2.81504,83,null,null,null,null,null,null,null,null,null,null,null,null
1149,2.81516,83,null,null,null,null,null,null,null,null,null,null,null,null
1150,2.81529,92,null,null,null,null,null,null,null,null,null,null,null,null
1151,2.85724,103,null,null,null,null,null,null,null,null,null,null,null,null
1152,2.85752,105,null,null,null,null,null,null,null,null,null,null,null,null
1153,2.85818,108,null,null,null,null,null,null,null,null,null,null,null,null
1154,2.85848,124,null,null,null,null,null,null,null,null,null,null,null,null
1155,2.85898,135,null,null,null,null,null,null,null,null,null,null,null,null
1156,2.85916,136,null,null,null,null,null,null,null,null,null,null,null,null
1157,2.85930,122,null,null,null,null,null,null,null,null,null,null,null,null
1158,2.85944,113,null,null,null,null,null,null,null,null,null,null,null,null
1159,2.85957,138,null,null,null,null,null,null,null,null,null,null,null,null
1160,2.85970,178,null,null,null,null,null,null,null,null,null,null,null,null
1161,2.85986,180,null,null,null,null,null,null,null,null,null,null,null,null
1162,2.86005,151,null,null,null,null,null,null,null,null,null,null,null,null
1163,2.86019,122,null,null,null,null,null,null,null,null,null,null,null,null
1164,2.86032,122,null,null,null,null,null,null,null,null,null,null,null,null
1165,2.86049,122,null,null,null,null,null,null,null,null,null,null,null,null
1166,2.86062,89,null,null,null,null,null,null,null,null,null,null,null,null
1167,2.86078,74,null,null,null,null,null,null,null,null,null,null,null,null
1168,2.86097,102,null,null,null,null,null,null,null,null,null,null,null,null
1169,2.86120,122,null,null,null,null,null,null,null,null,null,null,null,null
1170,2.86135,92,null,null,null,null,null,null,null,null,null,null,null,null
1171,2.87954,51,null,null,null,null,null,null,null,null,null,null,null,null
1172,2.87981,59,null,null,null,null,null,null,null,null,null,null,null,null
1173,2.88009,102,null,null,null,null,null,null,null,null,null,null,null,null
1174,2.88037,102,null,null,null,null,null,null,null,null,null,null,null,null
1175,2.88072,64,null,null,null,null,null,null,null,null,null,null,null,null
1176,2.88095,41,null,null,null,null,null,null,null,null,null,null,null,null
1177,2.88111,55,null,null,null,null,null,null,null,null,null,null,null,null
1178,2.88126,86,null,null,null,null,null,null,null,null,null,null,null,null
1179,2.88140,104,null,null,null,null,null,null,null,null,null,null,null,null
1180,2.88154,121,null,null,null,null,null,null,null,null,null,null,null,null
1181,2.88172,136,null,null,null,null,null,null,null,null,null,null,null,null
1182,2.88190,133,null,null,null,null,null,null,null,null,null,null,null,null
1183,2.88204,116,null,null,null,null,null,null,null,null,null,null,null,null
1184,2.88217,114,null,null,null,null,null,null,null,null,null,null,null,null
1185,2.88230,135,null,null,null,null,null,null,null,null,null,null,null,null
1186,2.88246,147,null,null,null,null,null,null,null,null,null,null,null,null
1187,2.88264,123,null,null,null,null,null,null,null,null,null,null,null,null
1188,2.88291,72,null,null,null,null,null,null,null,null,null,null,null,null
1189,2.88319,52,null,null,null,null,null,null,null,null,null,null,null,null
1190,2.88333,80,null,null,null,null,null,null,null,null,null,null,null,null
1191,2.92448,99,null,null,null,null,null,null,null,null,null,null,null,null
1192,2.92477,99,null,null,null,null,null,null,null,null,null,null,null,null
1193,2.92508,101,null,null,null,null,null,null,null,null,null,null,null,null
1194,2.92540,101,null,null,null,null,null,null,null,null,null,null,null,null
1195,2.92557,84,null,null,null,null,null,null,null,null,null,null,null,null
1196,2.92571,67,null,null,null,null,null,null,null,null,null,null,null,null
1197,2.92585,67,null,null,null,null,null,null,null,null,null,null,null,null
1198,2.92606,73,null,null,null,null,null,null,null,null,null,null,null,null
1199,2.92622,72,null,null,null,null,null,null,null,null,null,null,null,null
1200,2.92638,49,null,null,null,null,null,null,null,null,null,null,null,null
1201,2.92658,18,null,null,null,null,null,null,null,null,null,null,null,null
1202,2.92675,10,null,null,null,null,null,null,null,null,null,null,null,null
1203,2.92691,25,null,null,null,null,null,null,null,null,null,null,null,null
1204,2.92704,49,null,null,null,null,null,null,null,null,null,null,null,null
1205,2.92717,70,null,null,null,null,null,null,null,null,null,null,null,null
1206,2.92729,92,null,null,null,null,null,null,null,null,null,null,null,null
1207,2.92741,104,null,null,null,null,null,null,null,null,null,null,null,null
1208,2.92756,98,null,null,null,null,null,null,null,null,null,null,null,null
1209,2.92769,91,null,null,null,null,null,null,null,null,null,null,null,null
1210,2.96970,109,null,null,null,null,null,null,null,null,null,null,null,null
1211,2.97019,125,null,null,null,null,null,null,null,null,null,null,null,null
1212,2.97089,107,null,null,null,null,null,null,null,null,null,null,null,null
1213,2.97236,67,null,null,null,null,null,null,null,null,null,null,null,null
1214,2.97279,39,null,null,null,null,null,null,null,null,null,null,null,null
1215,2.97295,42,null,null,null,null,null,null,null,null,null,null,null,null
1216,2.97309,59,null,null,null,null,null,null,null,null,null,null,null,null
1217,2.97372,53,null,null,null,null,null,null,null,null,null,null,null,null
1218,2.97389,52,null,null,null,null,null,null,null,null,null,null,null,null
1219,2.97464,86,null,null,null,null,null,null,null,null,null,null,null,null
1220,2.97704,118,null,null,null,null,null,null,null,null,null,null,null,null
1221,2.97733,123,null,null,null,null,null,null,null,null,null,null,null,null
1222,2.97753,104,null,null,null,null,null,null,null,null,null,null,null,null
1223,2.97769,100,null,null,null,null,null,null,null,null,null,null,null,null
1224,2.97781,119,null,null,null,null,null,null,null,null,null,null,null,null
1225,2.97794,129,null,null,null,null,null,null,null,null,null,null,null,null
1226,2.97808,115,null,null,null,null,null,null,null,null,null,null,null,null
1227,2.97844,128,null,null,null,null,null,null,null,null,null,null,null,null
1228,2.97858,157,null,null,null,null,null,null,null,null,null,null,null,null
1229,2.97870,164,null,null,null,null,null,null,null,null,null,null,null,null
1230,3.00895,136,null,null,null,null,null,null,null,null,null,null,null,null
1231,3.00926,125,null,null,null,null,null,null,null,null,null,null,null,null
1232,3.01306,136,null,null,null,null,null,null,null,null,null,null,null,null
1233,3.01604,144,null,null,null,null,null,null,null,null,null,null,null,null
1234,3.02124,119,null,null,null,null,null,null,null,null,null,null,null,null
1235,3.02145,99,null,null,null,null,null,null,null,null,null,null,null,null
1236,3.02653,96,null,null,null,null,null,null,null,null,null,null,null,null
1237,3.02680,99,null,null,null,null,null,null,null,null,null,null,null,null
1238,3.02711,102,null,null,null,null,null,null,null,null,null,null,null,null
1239,3.02732,89,null,null,null,null,null,null,null,null,null,null,null,null
1240,3.02896,73,null,null,null,null,null,null,null,null,null,null,null,null
1241,3.02919,74,null,null,null,null,null,null,null,null,null,null,null,null
1242,3.02951,82,null,null,null,null,null,null,null,null,null,null,null,null
1243,3.02967,70,null,null,null,null,null,null,null,null,null,null,null,null
1244,3.02982,74,null,null,null,null,null,null,null,null,null,null,null,null
1245,3.02999,104,null,null,null,null,null,null,null,null,null,null,null,null
1246,3.03016,92,null,null,null,null,null,null,null,null,null,null,null,null
1247,3.03029,41,null,null,null,null,null,null,null,null,null,null,null,null
1248,3.03041,9,null,null,null,null,null,null,null,null,null,null,null,null
1249,3.03826,5,null,null,null,null,null,null,null,null,null,null,null,null
1250,3.03851,4,null,null,null,null,null,null,null,null,null,null,null,null
1251,3.03877,1,null,null,null,null,null,null,null,null,null,null,null,null
1252,3.03904,3,null,null,null,null,null,null,null,null,null,null,null,null
1253,3.03928,13,null,null,null,null,null,null,null,null,null,null,null,null
1254,3.03950,26,null,null,null,null,null,null,null,null,null,null,null,null
1255,3.03964,40,null,null,null,null,null,null,null,null,null,null,null,null
1256,3.03977,37,null,null,null,null,null,null,null,null,null,null,null,null
1257,3.04015,35,null,null,null,null,null,null,null,null,null,null,null,null
1258,3.04035,53,null,null,null,null,null,null,null,null,null,null,null,null
1259,3.04051,53,null,null,null,null,null,null,null,null,null,null,null,null
1260,3.04063,16,null,null,null,null,null,null,null,null,null,null,null,null
1261,3.04077,-12,null,null,null,null,null,null,null,null,null,null,null,null
1262,3.04089,-28,null,null,null,null,null,null,null,null,null,null,null,null
1263,3.04103,-38,null,null,null,null,null,null,null,null,null,null,null,null
1264,3.04118,-49,null,null,null,null,null,null,null,null,null,null,null,null
1265,3.04133,-50,null,null,null,null,null,null,null,null,null,null,null,null
1266,3.04149,-28,null,null,null,null,null,null,null,null,null,null,null,null
1267,3.04165,-2,null,null,null,null,null,null,null,null,null,null,null,null
1268,3.04182,9,null,null,null,null,null,null,null,null,null,null,null,null
1269,3.08319,12,null,null,null,null,null,null,null,null,null,null,null,null
1270,3.08348,23,null,null,null,null,null,null,null,null,null,null,null,null
1271,3.08378,33,null,null,null,null,null,null,null,null,null,null,null,null
1272,3.08408,33,null,null,null,null,null,null,null,null,null,null,null,null
1273,3.08430,24,null,null,null,null,null,null,null,null,null,null,null,null
1274,3.08446,39,null,null,null,null,null,null,null,null,null,null,null,null
1275,3.08459,59,null,null,null,null,null,null,null,null,null,null,null,null
1276,3.08474,76,null,null,null,null,null,null,null,null,null,null,null,null
1277,3.08489,88,null,null,null,null,null,null,null,null,null,null,null,null
1278,3.08509,97,null,null,null,null,null,null,null,null,null,null,null,null
1279,3.08525,88,null,null,null,null,null,null,null,null,null,null,null,null
1280,3.08548,83,null,null,null,null,null,null,null,null,null,null,null,null
1281,3.08566,73,null,null,null,null,null,null,null,null,null,null,null,null
1282,3.08579,68,null,null,null,null,null,null,null,null,null,null,null,null
1283,3.08596,77,null,null,null,null,null,null,null,null,null,null,null,null
1284,3.08614,86,null,null,null,null,null,null,null,null,null,null,null,null
1285,3.08625,51,null,null,null,null,null,null,null,null,null,null,null,null
1286,3.08638,8,null,null,null,null,null,null,null,null,null,null,null,null
1287,3.08657,-1,null,null,null,null,null,null,null,null,null,null,null,null
1288,3.08672,18,null,null,null,null,null,null,null,null,null,null,null,null
1289,3.10454,17,null,null,null,null,null,null,null,null,null,null,null,null
1290,3.10480,-25,null,null,null,null,null,null,null,null,null,null,null,null
1291,3.10511,-81,null,null,null,null,null,null,null,null,null,null,null,null
1292,3.10537,-102,null,null,null,null,null,null,null,null,null,null,null,null
1293,3.10562,-103,null,null,null,null,null,null,null,null,null,null,null,null
1294,3.10582,-109,null,null,null,null,null,null,null,null,null,null,null,null
1295,3.10599,-86,null,null,null,null,null,null,null,null,null,null,null,null
1296,3.10623,-25,null,null,null,null,null,null,null,null,null,null,null,null
1297,3.10641,33,null,null,null,null,null,null,null,null,null,null,null,null
1298,3.10661,50,null,null,null,null,null,null,null,null,null,null,null,null
1299,3.10682,43,null,null,null,null,null,null,null,null,null,null,null,null
1300,3.10703,52,null,null,null,null,null,null,null,null,null,null,null,null
1301,3.10720,82,null,null,null,null,null,null,null,null,null,null,null,null
1302,3.10736,113,null,null,null,null,null,null,null,null,null,null,null,null
1303,3.10750,128,null,null,null,null,null,null,null,null,null,null,null,null
1304,3.10762,131,null,null,null,null,null,null,null,null,null,null,null,null
1305,3.10791,139,null,null,null,null,null,null,null,null,null,null,null,null
1306,3.10807,135,null,null,null,null,null,null,null,null,null,null,null,null
1307,3.10823,104,null,null,null,null,null,null,null,null,null,null,null,null
1308,3.15005,97,null,null,null,null,null,null,null,null,null,null,null,null
1309,3.15064,107,null,null,null,null,null,null,null,null,null,null,null,null
1310,3.15108,106,null,null,null,null,null,null,null,null,null,null,null,null
1311,3.15133,null,41,48,173300,57964,25297,9021,13483,13406,2231,2153,0,null
1312,3.15165,85,null,null,null,null,null,null,null,null,null,null,null,null
1313,3.15196,58,null,null,null,null,null,null,null,null,null,null,null,null
1314,3.15220,40,null,null,null,null,null,null,null,null,null,null,null,null
1315,3.15241,37,null,null,null,null,null,null,null,null,null,null,null,null
1316,3.15255,35,null,null,null,null,null,null,null,null,null,null,null,null
1317,3.15268,45,null,null,null,null,null,null,null,null,null,null,null,null
1318,3.15281,87,null,null,null,null,null,null,null,null,null,null,null,null
1319,3.15300,123,null,null,null,null,null,null,null,null,null,null,null,null
1320,3.15331,116,null,null,null,null,null,null,null,null,null,null,null,null
1321,3.15356,69,null,null,null,null,null,null,null,null,null,null,null,null
1322,3.15371,40,null,null,null,null,null,null,null,null,null,null,null,null
1323,3.15383,32,null,null,null,null,null,null,null,null,null,null,null,null
1324,3.17300,3,null,null,null,null,null,null,null,null,null,null,null,null
1325,3.17326,-36,null,null,null,null,null,null,null,null,null,null,null,null
1326,3.17352,-39,null,null,null,null,null,null,null,null,null,null,null,null
1327,3.17375,0,null,null,null,null,null,null,null,null,null,null,null,null
1328,3.17399,33,null,null,null,null,null,null,null,null,null,null,null,null
1329,3.17414,27,null,null,null,null,null,null,null,null,null,null,null,null
1330,3.17427,21,null,null,null,null,null,null,null,null,null,null,null,null
1331,3.17440,38,null,null,null,null,null,null,null,null,null,null,null,null
1332,3.17455,50,null,null,null,null,null,null,null,null,null,null,null,null
1333,3.17468,25,null,null,null,null,null,null,null,null,null,null,null,null
1334,3.17482,-4,null,null,null,null,null,null,null,null,null,null,null,null
1335,3.17495,-9,null,null,null,null,null,null,null,null,null,null,null,null
1336,3.17507,-3,null,null,null,null,null,null,null,null,null,null,null,null
1337,3.17519,-24,null,null,null,null,null,null,null,null,null,null,null,null
1338,3.17531,-53,null,null,null,null,null,null,null,null,null,null,null,null
1339,3.17544,-46,null,null,null,null,null,null,null,null,null,null,null,null
1340,3.17558,-7,null,null,null,null,null,null,null,null,null,null,null,null
1341,3.17569,19,null,null,null,null,null,null,null,null,null,null,null,null
1342,3.17581,33,null,null,null,null,null,null,null,null,null,null,null,null
1343,3.17592,50,null,null,null,null,null,null,null,null,null,null,null,null
1344,3.21676,60,null,null,null,null,null,null,null,null,null,null,null,null
1345,3.21703,55,null,null,null,null,null,null,null,null,null,null,null,null
1346,3.21736,37,null,null,null,null,null,null,null,null,null,null,null,null
1347,3.21766,25,null,null,null,null,null,null,null,null,null,null,null,null
1348,3.21827,25,null,null,null,null,null,null,null,null,null,null,null,null
1349,3.21873,35,null,null,null,null,null,null,null,null,null,null,null,null
1350,3.21896,34,null,null,null,null,null,null,null,null,null,null,null,null
1351,3.21921,20,null,null,null,null,null,null,null,null,null,null,null,null
1352,3.21979,33,null,null,null,null,null,null,null,null,null,null,null,null
1353,3.22002,58,null,null,null,null,null,null,null,null,null,null,null,null
1354,3.22027,60,null,null,null,null,null,null,null,null,null,null,null,null
1355,3.22073,41,null,null,null,null,null,null,null,null,null,null,null,null
1356,3.22091,44,null,null,null,null,null,null,null,null,null,null,null,null
1357,3.22172,71,null,null,null,null,null,null,null,null,null,null,null,null
1358,3.22193,76,null,null,null,null,null,null,null,null,null,null,null,null
1359,3.22243,43,null,null,null,null,null,null,null,null,null,null,null,null
1360,3.22266,26,null,null,null,null,null,null,null,null,null,null,null,null
1361,3.22328,48,null,null,null,null,null,null,null,null,null,null,null,null
1362,3.22361,76,null,null,null,null,null,null,null,null,null,null,null,null
1363,3.22381,89,null,null,null,null,null,null,null,null,null,null,null,null
1364,3.26391,80,null,null,null,null,null,null,null,null,null,null,null,null
1365,3.26419,64,null,null,null,null,null,null,null,null,null,null,null,null
1366,3.26499,49,null,null,null,null,null,null,null,null,null,null,null,null
1367,3.26539,52,null,null,null,null,null,null,null,null,null,null,null,null
1368,3.26574,52,null,null,null,null,null,null,null,null,null,null,null,null
1369,3.26592,58,null,null,null,null,null,null,null,null,null,null,null,null
1370,3.26607,76,null,null,null,null,null,null,null,null,null,null,null,null
1371,3.26622,72,null,null,null,null,null,null,null,null,null,null,null,null
1372,3.26637,54,null,null,null,null,null,null,null,null,null,null,null,null
1373,3.26666,73,null,null,null,null,null,null,null,null,null,null,null,null
1374,3.27407,107,null,null,null,null,null,null,null,null,null,null,null,null
1375,3.27425,108,null,null,null,null,null,null,null,null,null,null,null,null
1376,3.27695,74,null,null,null,null,null,null,null,null,null,null,null,null
1377,3.27713,54,null,null,null,null,null,null,null,null,null,null,null,null
1378,3.27726,58,null,null,null,null,null,null,null,null,null,null,null,null
1379,3.27738,61,null,null,null,null,null,null,null,null,null,null,null,null
1380,3.27857,41,null,null,null,null,null,null,null,null,null,null,null,null
1381,3.27872,11,null,null,null,null,null,null,null,null,null,null,null,null
1382,3.27884,-7,null,null,null,null,null,null,null,null,null,null,null,null
1383,3.28757,1,null,null,null,null,null,null,null,null,null,null,null,null
1384,3.28789,27,null,null,null,null,null,null,null,null,null,null,null,null
1385,3.28839,41,null,null,null,null,null,null,null,null,null,null,null,null
1386,3.28871,48,null,null,null,null,null,null,null,null,null,null,null,null
1387,3.28899,54,null,null,null,null,null,null,null,null,null,null,null,null
1388,3.28926,60,null,null,null,null,null,null,null,null,null,null,null,null
1389,3.28941,49,null,null,null,null,null,null,null,null,null,null,null,null
1390,3.28955,40,null,null,null,null,null,null,null,null,null,null,null,null
1391,3.28969,54,null,null,null,null,null,null,null,null,null,null,null,null
1392,3.28991,71,null,null,null,null,null,null,null,null,null,null,null,null
1393,3.29007,84,null,null,null,null,null,null,null,null,null,null,null,null
1394,3.29023,91,null,null,null,null,null,null,null,null,null,null,null,null
1395,3.29036,82,null,null,null,null,null,null,null,null,null,null,null,null
1396,3.29049,54,null,null,null,null,null,null,null,null,null,null,null,null
1397,3.29063,36,null,null,null,null,null,null,null,null,null,null,null,null
1398,3.29075,45,null,null,null,null,null,null,null,null,null,null,null,null
1399,3.29089,82,null,null,null,null,null,null,null,null,null,null,null,null
1400,3.29100,107,null,null,null,null,null,null,null,null,null,null,null,null
1401,3.29118,102,null,null,null,null,null,null,null,null,null,null,null,null
1402,3.29130,72,null,null,null,null,null,null,null,null,null,null,null,null
1403,3.33009,60,null,null,null,null,null,null,null,null,null,null,null,null
1404,3.33042,87,null,null,null,null,null,null,null,null,null,null,null,null
1405,3.33073,121,null,null,null,null,null,null,null,null,null,null,null,null
1406,3.33127,133,null,null,null,null,null,null,null,null,null,null,null,null
1407,3.33159,137,null,null,null,null,null,null,null,null,null,null,null,null
1408,3.33182,123,null,null,null,null,null,null,null,null,null,null,null,null
1409,3.33211,108,null,null,null,null,null,null,null,null,null,null,null,null
1410,3.33244,132,null,null,null,null,null,null,null,null,null,null,null,null
1411,3.33262,155,null,null,null,null,null,null,null,null,null,null,null,null
1412,3.33278,161,null,null,null,null,null,null,null,null,null,null,null,null
1413,3.33292,155,null,null,null,null,null,null,null,null,null,null,null,null
1414,3.33308,133,null,null,null,null,null,null,null,null,null,null,null,null
1415,3.33326,114,null,null,null,null,null,null,null,null,null,null,null,null
1416,3.33343,135,null,null,null,null,null,null,null,null,null,null,null,null
1417,3.33358,182,null,null,null,null,null,null,null,null,null,null,null,null
1418,3.33372,195,null,null,null,null,null,null,null,null,null,null,null,null
1419,3.33391,146,null,null,null,null,null,null,null,null,null,null,null,null
1420,3.33406,99,null,null,null,null,null,null,null,null,null,null,null,null
1421,3.33430,66,null,null,null,null,null,null,null,null,null,null,null,null
1422,3.33465,36,null,null,null,null,null,null,null,null,null,null,null,null
1423,3.37465,7,null,null,null,null,null,null,null,null,null,null,null,null
1424,3.37497,-6,null,null,null,null,null,null,null,null,null,null,null,null
1425,3.37532,2,null,null,null,null,null,null,null,null,null,null,null,null
1426,3.37565,10,null,null,null,null,null,null,null,null,null,null,null,null
1427,3.37595,1,null,null,null,null,null,null,null,null,null,null,null,null
1428,3.37626,-11,null,null,null,null,null,null,null,null,null,null,null,null
1429,3.37658,-25,null,null,null,null,null,null,null,null,null,null,null,null
1430,3.37690,-35,null,null,null,null,null,null,null,null,null,null,null,null
1431,3.37712,-58,null,null,null,null,null,null,null,null,null,null,null,null
1432,3.37736,-85,null,null,null,null,null,null,null,null,null,null,null,null
1433,3.37751,-82,null,null,null,null,null,null,null,null,null,null,null,null
1434,3.37773,-69,null,null,null,null,null,null,null,null,null,null,null,null
1435,3.37791,-72,null,null,null,null,null,null,null,null,null,null,null,null
1436,3.37808,-87,null,null,null,null,null,null,null,null,null,null,null,null
1437,3.37826,-90,null,null,null,null,null,null,null,null,null,null,null,null
1438,3.37841,-73,null,null,null,null,null,null,null,null,null,null,null,null
1439,3.37855,-36,null,null,null,null,null,null,null,null,null,null,null,null
1440,3.37869,0,null,null,null,null,null,null,null,null,null,null,null,null
1441,3.37881,42,null,null,null,null,null,null,null,null,null,null,null,null
1442,3.41958,102,null,null,null,null,null,null,null,null,null,null,null,null
1443,3.41985,144,null,null,null,null,null,null,null,null,null,null,null,null
1444,3.42026,176,null,null,null,null,null,null,null,null,null,null,null,null
1445,3.42045,225,null,null,null,null,null,null,null,null,null,null,null,null
1446,3.42069,274,null,null,null,null,null,null,null,null,null,null,null,null
1447,3.42109,297,null,null,null,null,null,null,null,null,null,null,null,null
1448,3.42124,298,null,null,null,null,null,null,null,null,null,null,null,null
1449,3.42145,294,null,null,null,null,null,null,null,null,null,null,null,null
1450,3.42159,300,null,null,null,null,null,null,null,null,null,null,null,null
1451,3.42171,316,null,null,null,null,null,null,null,null,null,null,null,null
1452,3.42185,345,null,null,null,null,null,null,null,null,null,null,null,null
1453,3.42198,372,null,null,null,null,null,null,null,null,null,null,null,null
1454,3.42221,394,null,null,null,null,null,null,null,null,null,null,null,null
1455,3.42236,413,null,null,null,null,null,null,null,null,null,null,null,null
1456,3.42250,410,null,null,null,null,null,null,null,null,null,null,null,null
1457,3.42367,405,null,null,null,null,null,null,null,null,null,null,null,null
1458,3.42382,422,null,null,null,null,null,null,null,null,null,null,null,null
1459,3.42458,445,null,null,null,null,null,null,null,null,null,null,null,null
1460,3.42477,453,null,null,null,null,null,null,null,null,null,null,null,null
1461,3.42491,428,null,null,null,null,null,null,null,null,null,null,null,null
1462,3.44214,424,null,null,null,null,null,null,null,null,null,null,null,null
1463,3.44241,448,null,null,null,null,null,null,null,null,null,null,null,null
1464,3.44272,465,null,null,null,null,null,null,null,null,null,null,null,null
1465,3.44297,445,null,null,null,null,null,null,null,null,null,null,null,null
1466,3.44319,402,null,null,null,null,null,null,null,null,null,null,null,null
1467,3.44332,365,null,null,null,null,null,null,null,null,null,null,null,null
1468,3.44345,356,null,null,null,null,null,null,null,null,null,null,null,null
1469,3.44361,328,null,null,null,null,null,null,null,null,null,null,null,null
1470,3.44378,284,null,null,null,null,null,null,null,null,null,null,null,null
1471,3.44402,276,null,null,null,null,null,null,null,null,null,null,null,null
1472,3.44429,280,null,null,null,null,null,null,null,null,null,null,null,null
1473,3.44443,261,null,null,null,null,null,null,null,null,null,null,null,null
1474,3.44455,219,null,null,null,null,null,null,null,null,null,null,null,null
1475,3.44470,182,null,null,null,null,null,null,null,null,null,null,null,null
1476,3.44482,161,null,null,null,null,null,null,null,null,null,null,null,null
1477,3.44497,147,null,null,null,null,null,null,null,null,null,null,null,null
1478,3.44510,132,null,null,null,null,null,null,null,null,null,null,null,null
1479,3.44526,123,null,null,null,null,null,null,null,null,null,null,null,null
1480,3.44649,132,null,null,null,null,null,null,null,null,null,null,null,null
1481,3.49513,136,null,null,null,null,null,null,null,null,null,null,null,null
1482,3.49543,122,null,null,null,null,null,null,null,null,null,null,null,null
1483,3.49767,86,null,null,null,null,null,null,null,null,null,null,null,null
1484,3.49852,60,null,null,null,null,null,null,null,null,null,null,null,null
1485,3.49891,68,null,null,null,null,null,null,null,null,null,null,null,null
1486,3.49935,39,null,null,null,null,null,null,null,null,null,null,null,null
1487,3.49952,-17,null,null,null,null,null,null,null,null,null,null,null,null
1488,3.49966,-69,null,null,null,null,null,null,null,null,null,null,null,null
1489,3.49982,-88,null,null,null,null,null,null,null,null,null,null,null,null
1490,3.50126,-70,null,null,null,null,null,null,null,null,null,null,null,null
1491,3.50142,-53,null,null,null,null,null,null,null,null,null,null,null,null
1492,3.50154,-67,null,null,null,null,null,null,null,null,null,null,null,null
1493,3.50169,-93,null,null,null,null,null,null,null,null,null,null,null,null
1494,3.50182,-124,null,null,null,null,null,null,null,null,null,null,null,null
1495,3.50199,-152,null,null,null,null,null,null,null,null,null,null,null,null
1496,3.50213,-148,null,null,null,null,null,null,null,null,null,null,null,null
1497,3.50229,-109,null,null,null,null,null,null,null,null,null,null,null,null
1498,3.50250,-92,null,null,null,null,null,null,null,null,null,null,null,null
1499,3.50268,-124,null,null,null,null,null,null,null,null,null,null,null,null
1500,3.50289,-171,null,null,null,null,null,null,null,null,null,null,null,null
1501,3.53964,-187,null,null,null,null,null,null,null,null,null,null,null,null
1502,3.53993,-166,null,null,null,null,null,null,null,null,null,null,null,null
1503,3.54049,-155,null,null,null,null,null,null,null,null,null,null,null,null
1504,3.54089,-202,null,null,null,null,null,null,null,null,null,null,null,null
1505,3.54391,-261,null,null,null,null,null,null,null,null,null,null,null,null
1506,3.54478,-294,null,null,null,null,null,null,null,null,null,null,null,null
1507,3.54508,-305,null,null,null,null,null,null,null,null,null,null,null,null
1508,3.54545,-333,null,null,null,null,null,null,null,null,null,null,null,null
1509,3.54570,-362,null,null,null,null,null,null,null,null,null,null,null,null
1510,3.54596,-331,null,null,null,null,null,null,null,null,null,null,null,null
1511,3.54641,-270,null,null,null,null,null,null,null,null,null,null,null,null
1512,3.54661,-249,null,null,null,null,null,null,null,null,null,null,null,null
1513,3.54681,-276,null,null,null,null,null,null,null,null,null,null,null,null
1514,3.54698,-279,null,null,null,null,null,null,null,null,null,null,null,null
1515,3.54723,-237,null,null,null,null,null,null,null,null,null,null,null,null
1516,3.54742,-209,null,null,null,null,null,null,null,null,null,null,null,null
1517,3.54757,-212,null,null,null,null,null,null,null,null,null,null,null,null
1518,3.54777,-217,null,null,null,null,null,null,null,null,null,null,null,null
1519,3.54795,-200,null,null,null,null,null,null,null,null,null,null,null,null
1520,3.54818,-166,null,null,null,null,null,null,null,null,null,null,null,null
1521,3.55513,-165,null,null,null,null,null,null,null,null,null,null,null,null
1522,3.55637,-182,null,null,null,null,null,null,null,null,null,null,null,null
1523,3.55687,-187,null,null,null,null,null,null,null,null,null,null,null,null
1524,3.55713,-197,null,null,null,null,null,null,null,null,null,null,null,null
1525,3.55740,-212,null,null,null,null,null,null,null,null,null,null,null,null
1526,3.55760,-214,null,null,null,null,null,null,null,null,null,null,null,null
1527,3.55779,-202,null,null,null,null,null,null,null,null,null,null,null,null
1528,3.55793,-204,null,null,null,null,null,null,null,null,null,null,null,null
1529,3.55806,-216,null,null,null,null,null,null,null,null,null,null,null,null
1530,3.55820,-212,null,null,null,null,null,null,null,null,null,null,null,null
1531,3.55841,-179,null,null,null,null,null,null,null,null,null,null,null,null
1532,3.55857,-129,null,null,null,null,null,null,null,null,null,null,null,null
1533,3.55874,-109,null,null,null,null,null,null,null,null,null,null,null,null
1534,3.55886,-132,null,null,null,null,null,null,null,null,null,null,null,null
1535,3.55902,-139,null,null,null,null,null,null,null,null,null,null,null,null
1536,3.55918,-141,null,null,null,null,null,null,null,null,null,null,null,null
1537,3.55932,-149,null,null,null,null,null,null,null,null,null,null,null,null
1538,3.55944,-162,null,null,null,null,null,null,null,null,null,null,null,null
1539,3.55959,-170,null,null,null,null,null,null,null,null,null,null,null,null
1540,3.59944,-131,null,null,null,null,null,null,null,null,null,null,null,null
1541,3.60003,-78,null,null,null,null,null,null,null,null,null,null,null,null
1542,3.60036,-72,null,null,null,null,null,null,null,null,null,null,null,null
1543,3.60090,-70,null,null,null,null,null,null,null,null,null,null,null,null
1544,3.60121,-25,null,null,null,null,null,null,null,null,null,null,null,null
1545,3.60153,23,null,null,null,null,null,null,null,null,null,null,null,null
1546,3.60174,22,null,null,null,null,null,null,null,null,null,null,null,null
1547,3.60207,-10,null,null,null,null,null,null,null,null,null,null,null,null
1548,3.60227,-36,null,null,null,null,null,null,null,null,null,null,null,null
1549,3.60256,-40,null,null,null,null,null,null,null,null,null,null,null,null
1550,3.60289,-30,null,null,null,null,null,null,null,null,null,null,null,null
1551,3.60308,-21,null,null,null,null,null,null,null,null,null,null,null,null
1552,3.60345,-3,null,null,null,null,null,null,null,null,null,null,null,null
1553,3.60380,48,null,null,null,null,null,null,null,null,null,null,null,null
1554,3.60401,105,null,null,null,null,null,null,null,null,null,null,null,null
1555,3.60424,102,null,null,null,null,null,null,null,null,null,null,null,null
1556,3.60442,58,null,null,null,null,null,null,null,null,null,null,null,null
1557,3.60457,50,null,null,null,null,null,null,null,null,null,null,null,null
1558,3.60472,81,null,null,null,null,null,null,null,null,null,null,null,null
1559,3.60492,90,null,null,null,null,null,null,null,null,null,null,null,null
1560,3.64479,82,null,null,null,null,null,null,null,null,null,null,null,null
1561,3.64504,88,null,null,null,null,null,null,null,null,null,null,null,null
1562,3.64529,87,null,null,null,null,null,null,null,null,null,null,null,null
1563,3.64557,73,null,null,null,null,null,null,null,null,null,null,null,null
1564,3.64594,64,null,null,null,null,null,null,null,null,null,null,null,null
1565,3.64617,87,null,null,null,null,null,null,null,null,null,null,null,null
1566,3.64632,113,null,null,null,null,null,null,null,null,null,null,null,null
1567,3.64648,104,null,null,null,null,null,null,null,null,null,null,null,null
1568,3.64661,75,null,null,null,null,null,null,null,null,null,null,null,null
1569,3.64683,69,null,null,null,null,null,null,null,null,null,null,null,null
1570,3.64702,69,null,null,null,null,null,null,null,null,null,null,null,null
1571,3.64721,67,null,null,null,null,null,null,null,null,null,null,null,null
1572,3.64737,65,null,null,null,null,null,null,null,null,null,null,null,null
1573,3.64754,85,null,null,null,null,null,null,null,null,null,null,null,null
1574,3.64773,106,null,null,null,null,null,null,null,null,null,null,null,null
1575,3.64790,97,null,null,null,null,null,null,null,null,null,null,null,null
1576,3.64804,77,null,null,null,null,null,null,null,null,null,null,null,null
1577,3.64816,73,null,null,null,null,null,null,null,null,null,null,null,null
1578,3.64827,86,null,null,null,null,null,null,null,null,null,null,null,null
1579,3.64903,91,null,null,null,null,null,null,null,null,null,null,null,null
1580,3.66733,96,null,null,null,null,null,null,null,null,null,null,null,null
1581,3.66765,76,null,null,null,null,null,null,null,null,null,null,null,null
1582,3.66794,72,null,null,null,null,null,null,null,null,null,null,null,null
1583,3.66822,97,null,null,null,null,null,null,null,null,null,null,null,null
1584,3.66843,116,null,null,null,null,null,null,null,null,null,null,null,null
1585,3.66858,105,null,null,null,null,null,null,null,null,null,null,null,null
1586,3.66872,93,null,null,null,null,null,null,null,null,null,null,null,null
1587,3.66886,106,null,null,null,null,null,null,null,null,null,null,null,null
1588,3.66899,113,null,null,null,null,null,null,null,null,null,null,null,null
1589,3.66913,100,null,null,null,null,null,null,null,null,null,null,null,null
1590,3.66932,84,null,null,null,null,null,null,null,null,null,null,null,null
1591,3.66950,97,null,null,null,null,null,null,null,null,null,null,null,null
1592,3.66964,139,null,null,null,null,null,null,null,null,null,null,null,null
1593,3.66979,144,null,null,null,null,null,null,null,null,null,null,null,null
1594,3.66994,112,null,null,null,null,null,null,null,null,null,null,null,null
1595,3.67006,98,null,null,null,null,null,null,null,null,null,null,null,null
1596,3.67024,112,null,null,null,null,null,null,null,null,null,null,null,null
1597,3.67042,138,null,null,null,null,null,null,null,null,null,null,null,null
1598,3.67056,152,null,null,null,null,null,null,null,null,null,null,null,null
1599,3.71841,156,null,null,null,null,null,null,null,null,null,null,null,null
1600,3.72046,150,null,null,null,null,null,null,null,null,null,null,null,null
1601,3.72278,130,null,null,null,null,null,null,null,null,null,null,null,null
1602,3.72634,109,null,null,null,null,null,null,null,null,null,null,null,null
1603,3.72779,90,null,null,null,null,null,null,null,null,null,null,null,null
1604,3.72796,100,null,null,null,null,null,null,null,null,null,null,null,null
1605,3.72860,133,null,null,null,null,null,null,null,null,null,null,null,null
1606,3.72905,128,null,null,null,null,null,null,null,null,null,null,null,null
1607,3.72923,96,null,null,null,null,null,null,null,null,null,null,null,null
1608,3.72937,80,null,null,null,null,null,null,null,null,null,null,null,null
1609,3.72950,88,null,null,null,null,null,null,null,null,null,null,null,null
1610,3.72966,74,null,null,null,null,null,null,null,null,null,null,null,null
1611,3.72983,44,null,null,null,null,null,null,null,null,null,null,null,null
1612,3.72996,52,null,null,null,null,null,null,null,null,null,null,null,null
1613,3.73018,74,null,null,null,null,null,null,null,null,null,null,null,null
1614,3.73035,80,null,null,null,null,null,null,null,null,null,null,null,null
1615,3.73053,51,null,null,null,null,null,null,null,null,null,null,null,null
1616,3.73076,37,null,null,null,null,null,null,null,null,null,null,null,null
1617,3.73090,41,null,null,null,null,null,null,null,null,null,null,null,null
1618,3.73102,50,null,null,null,null,null,null,null,null,null,null,null,null
1619,3.75728,40,null,null,null,null,null,null,null,null,null,null,null,null
1620,3.75761,35,null,null,null,null,null,null,null,null,null,null,null,null
1621,3.75816,51,null,null,null,null,null,null,null,null,null,null,null,null
1622,3.75851,84,null,null,null,null,null,null,null,null,null,null,null,null
1623,3.75901,99,null,null,null,null,null,null,null,null,null,null,null,null
1624,3.75919,91,null,null,null,null,null,null,null,null,null,null,null,null
1625,3.75934,97,null,null,null,null,null,null,null,null,null,null,null,null
1626,3.75948,100,null,null,null,null,null,null,null,null,null,null,null,null
1627,3.75962,81,null,null,null,null,null,null,null,null,null,null,null,null
1628,3.76381,55,null,null,null,null,null,null,null,null,null,null,null,null
1629,3.76759,51,null,null,null,null,null,null,null,null,null,null,null,null
1630,3.76793,72,null,null,null,null,null,null,null,null,null,null,null,null
1631,3.76825,87,null,null,null,null,null,null,null,null,null,null,null,null
1632,3.76878,82,null,null,null,null,null,null,null,null,null,null,null,null
1633,3.76896,83,null,null,null,null,null,null,null,null,null,null,null,null
1634,3.76912,106,null,null,null,null,null,null,null,null,null,null,null,null
1635,3.76955,125,null,null,null,null,null,null,null,null,null,null,null,null
1636,3.76969,108,null,null,null,null,null,null,null,null,null,null,null,null
1637,3.76981,75,null,null,null,null,null,null,null,null,null,null,null,null
1638,3.80287,58,null,null,null,null,null,null,null,null,null,null,null,null
1639,3.80322,58,null,null,null,null,null,null,null,null,null,null,null,null
1640,3.80353,56,null,null,null,null,null,null,null,null,null,null,null,null
1641,3.80386,45,null,null,null,null,null,null,null,null,null,null,null,null
1642,3.80417,65,null,null,null,null,null,null,null,null,null,null,null,null
1643,3.80444,113,null,null,null,null,null,null,null,null,null,null,null,null
1644,3.80463,133,null,null,null,null,null,null,null,null,null,null,null,null
1645,3.80506,114,null,null,null,null,null,null,null,null,null,null,null,null
1646,3.80553,82,null,null,null,null,null,null,null,null,null,null,null,null
1647,3.80590,68,null,null,null,null,null,null,null,null,null,null,null,null
1648,3.80608,67,null,null,null,null,null,null,null,null,null,null,null,null
1649,3.80623,71,null,null,null,null,null,null,null,null,null,null,null,null
1650,3.80645,83,null,null,null,null,null,null,null,null,null,null,null,null
1651,3.80667,99,null,null,null,null,null,null,null,null,null,null,null,null
1652,3.80684,103,null,null,null,null,null,null,null,null,null,null,null,null
1653,3.80700,98,null,null,null,null,null,null,null,null,null,null,null,null
1654,3.80715,104,null,null,null,null,null,null,null,null,null,null,null,null
1655,3.80732,134,null,null,null,null,null,null,null,null,null,null,null,null
1656,3.80749,152,null,null,null,null,null,null,null,null,null,null,null,null
1657,3.80783,132,null,null,null,null,null,null,null,null,null,null,null,null
1658,3.82465,92,null,null,null,null,null,null,null,null,null,null,null,null
1659,3.82495,89,null,null,null,null,null,null,null,null,null,null,null,null
1660,3.82524,109,null,null,null,null,null,null,null,null,null,null,null,null
1661,3.82547,116,null,null,null,null,null,null,null,null,null,null,null,null
1662,3.82578,89,null,null,null,null,null,null,null,null,null,null,null,null
1663,3.82603,69,null,null,null,null,null,null,null,null,null,null,null,null
1664,3.82618,96,null,null,null,null,null,null,null,null,null,null,null,null
1665,3.82641,144,null,null,null,null,null,null,null,null,null,null,null,null
1666,3.82662,139,null,null,null,null,null,null,null,null,null,null,null,null
1667,3.82675,107,null,null,null,null,null,null,null,null,null,null,null,null
1668,3.82688,92,null,null,null,null,null,null,null,null,null,null,null,null
1669,3.82700,93,null,null,null,null,null,null,null,null,null,null,null,null
1670,3.82716,107,null,null,null,null,null,null,null,null,null,null,null,null
1671,3.82732,117,null,null,null,null,null,null,null,null,null,null,null,null
1672,3.82748,108,null,null,null,null,null,null,null,null,null,null,null,null
1673,3.82764,88,null,null,null,null,null,null,null,null,null,null,null,null
1674,3.82869,57,null,null,null,null,null,null,null,null,null,null,null,null
1675,3.82895,27,null,null,null,null,null,null,null,null,null,null,null,null
1676,3.82908,21,null,null,null,null,null,null,null,null,null,null,null,null
1677,3.82942,43,null,null,null,null,null,null,null,null,null,null,null,null
1678,3.86963,71,null,null,null,null,null,null,null,null,null,null,null,null
1679,3.86990,74,null,null,null,null,null,null,null,null,null,null,null,null
1680,3.87032,66,null,null,null,null,null,null,null,null,null,null,null,null
1681,3.87066,69,null,null,null,null,null,null,null,null,null,null,null,null
1682,3.87092,89,null,null,null,null,null,null,null,null,null,null,null,null
1683,3.87125,86,null,null,null,null,null,null,null,null,null,null,null,null
1684,3.87148,77,null,null,null,null,null,null,null,null,null,null,null,null
1685,3.87162,84,null,null,null,null,null,null,null,null,null,null,null,null
1686,3.87177,97,null,null,null,null,null,null,null,null,null,null,null,null
1687,3.87199,69,null,null,null,null,null,null,null,null,null,null,null,null
1688,3.87217,23,null,null,null,null,null,null,null,null,null,null,null,null
1689,3.87231,26,null,null,null,null,null,null,null,null,null,null,null,null
1690,3.87244,68,null,null,null,null,null,null,null,null,null,null,null,null
1691,3.87260,93,null,null,null,null,null,null,null,null,null,null,null,null
1692,3.87276,86,null,null,null,null,null,null,null,null,null,null,null,null
1693,3.87294,71,null,null,null,null,null,null,null,null,null,null,null,null
1694,3.87308,74,null,null,null,null,null,null,null,null,null,null,null,null
1695,3.87320,86,null,null,null,null,null,null,null,null,null,null,null,null
1696,3.87332,81,null,null,null,null,null,null,null,null,null,null,null,null
1697,3.92699,70,null,null,null,null,null,null,null,null,null,null,null,null
1698,3.92750,67,null,null,null,null,null,null,null,null,null,null,null,null
1699,3.92948,59,null,null,null,null,null,null,null,null,null,null,null,null
1700,3.93118,42,null,null,null,null,null,null,null,null,null,null,null,null
1701,3.93303,35,null,null,null,null,null,null,null,null,null,null,null,null
1702,3.93449,57,null,null,null,null,null,null,null,null,null,null,null,null
1703,3.93494,86,null,null,null,null,null,null,null,null,null,null,null,null
1704,3.93543,66,null,null,null,null,null,null,null,null,null,null,null,null
1705,3.93568,38,null,null,null,null,null,null,null,null,null,null,null,null
1706,3.93611,41,null,null,null,null,null,null,null,null,null,null,null,null
1707,3.93634,50,null,null,null,null,null,null,null,null,null,null,null,null
1708,3.93656,59,null,null,null,null,null,null,null,null,null,null,null,null
1709,3.93716,50,null,null,null,null,null,null,null,null,null,null,null,null
1710,3.93746,19,null,null,null,null,null,null,null,null,null,null,null,null
1711,3.93765,-4,null,null,null,null,null,null,null,null,null,null,null,null
1712,3.93825,2,null,null,null,null,null,null,null,null,null,null,null,null
1713,3.93851,8,null,null,null,null,null,null,null,null,null,null,null,null
1714,3.94040,8,null,null,null,null,null,null,null,null,null,null,null,null
1715,3.94106,36,null,null,null,null,null,null,null,null,null,null,null,null
1716,3.94125,68,null,null,null,null,null,null,null,null,null,null,null,null
1717,3.94463,70,null,null,null,null,null,null,null,null,null,null,null,null
1718,3.94491,61,null,null,null,null,null,null,null,null,null,null,null,null
1719,3.94525,65,null,null,null,null,null,null,null,null,null,null,null,null
1720,3.94554,64,null,null,null,null,null,null,null,null,null,null,null,null
1721,3.94739,48,null,null,null,null,null,null,null,null,null,null,null,null
1722,3.94758,37,null,null,null,null,null,null,null,null,null,null,null,null
1723,3.94772,38,null,null,null,null,null,null,null,null,null,null,null,null
1724,3.94785,42,null,null,null,null,null,null,null,null,null,null,null,null
1725,3.94802,38,null,null,null,null,null,null,null,null,null,null,null,null
1726,3.94830,12,null,null,null,null,null,null,null,null,null,null,null,null
1727,3.94865,-11,null,null,null,null,null,null,null,null,null,null,null,null
1728,3.94900,-2,null,null,null,null,null,null,null,null,null,null,null,null
1729,3.94940,35,null,null,null,null,null,null,null,null,null,null,null,null
1730,3.94975,38,null,null,null,null,null,null,null,null,null,null,null,null
1731,3.94990,16,null,null,null,null,null,null,null,null,null,null,null,null
1732,3.95007,10,null,null,null,null,null,null,null,null,null,null,null,null
1733,3.95028,43,null,null,null,null,null,null,null,null,null,null,null,null
1734,3.95045,65,null,null,null,null,null,null,null,null,null,null,null,null
1735,3.95061,51,null,null,null,null,null,null,null,null,null,null,null,null
1736,3.95076,35,null,null,null,null,null,null,null,null,null,null,null,null
1737,3.98218,41,null,null,null,null,null,null,null,null,null,null,null,null
1738,3.98247,37,null,null,null,null,null,null,null,null,null,null,null,null
1739,3.98319,19,null,null,null,null,null,null,null,null,null,null,null,null
1740,3.98359,22,null,null,null,null,null,null,null,null,null,null,null,null
1741,3.98421,41,null,null,null,null,null,null,null,null,null,null,null,null
1742,3.98450,56,null,null,null,null,null,null,null,null,null,null,null,null
1743,3.98477,34,null,null,null,null,null,null,null,null,null,null,null,null
1744,3.98499,1,null,null,null,null,null,null,null,null,null,null,null,null
1745,3.98514,-3,null,null,null,null,null,null,null,null,null,null,null,null
1746,3.98529,6,null,null,null,null,null,null,null,null,null,null,null,null
1747,3.98569,8,null,null,null,null,null,null,null,null,null,null,null,null
1748,3.98586,24,null,null,null,null,null,null,null,null,null,null,null,null
1749,3.98604,48,null,null,null,null,null,null,null,null,null,null,null,null
1750,3.98641,60,null,null,null,null,null,null,null,null,null,null,null,null
1751,3.98662,56,null,null,null,null,null,null,null,null,null,null,null,null
1752,3.98676,55,null,null,null,null,null,null,null,null,null,null,null,null
1753,3.98691,81,null,null,null,null,null,null,null,null,null,null,null,null
1754,3.98707,113,null,null,null,null,null,null,null,null,null,null,null,null
1755,3.98724,125,null,null,null,null,null,null,null,null,null,null,null,null
1756,4.02730,101,null,null,null,null,null,null,null,null,null,null,null,null
1757,4.02758,75,null,null,null,null,null,null,null,null,null,null,null,null
1758,4.02800,74,null,null,null,null,null,null,null,null,null,null,null,null
1759,4.02836,72,null,null,null,null,null,null,null,null,null,null,null,null
1760,4.02860,56,null,null,null,null,null,null,null,null,null,null,null,null
1761,4.02876,58,null,null,null,null,null,null,null,null,null,null,null,null
1762,4.02891,83,null,null,null,null,null,null,null,null,null,null,null,null
1763,4.02910,92,null,null,null,null,null,null,null,null,null,null,null,null
1764,4.02931,75,null,null,null,null,null,null,null,null,null,null,null,null
1765,4.02947,51,null,null,null,null,null,null,null,null,null,null,null,null
1766,4.02961,42,null,null,null,null,null,null,null,null,null,null,null,null
1767,4.02973,50,null,null,null,null,null,null,null,null,null,null,null,null
1768,4.02989,53,null,null,null,null,null,null,null,null,null,null,null,null
1769,4.03009,39,null,null,null,null,null,null,null,null,null,null,null,null
1770,4.03022,34,null,null,null,null,null,null,null,null,null,null,null,null
1771,4.03037,51,null,null,null,null,null,null,null,null,null,null,null,null
1772,4.03048,43,null,null,null,null,null,null,null,null,null,null,null,null
1773,4.03073,17,null,null,null,null,null,null,null,null,null,null,null,null
1774,4.03093,4,null,null,null,null,null,null,null,null,null,null,null,null
1775,4.03107,16,null,null,null,null,null,null,null,null,null,null,null,null
1776,4.04969,38,null,null,null,null,null,null,null,null,null,null,null,null
1777,4.04994,36,null,null,null,null,null,null,null,null,null,null,null,null
1778,4.05028,44,null,null,null,null,null,null,null,null,null,null,null,null
1779,4.05052,75,null,null,null,null,null,null,null,null,null,null,null,null
1780,4.05090,92,null,null,null,null,null,null,null,null,null,null,null,null
1781,4.05106,73,null,null,null,null,null,null,null,null,null,null,null,null
1782,4.05119,50,null,null,null,null,null,null,null,null,null,null,null,null
1783,4.05239,50,null,null,null,null,null,null,null,null,null,null,null,null
1784,4.05263,77,null,null,null,null,null,null,null,null,null,null,null,null
1785,4.05314,91,null,null,null,null,null,null,null,null,null,null,null,null
1786,4.05329,68,null,null,null,null,null,null,null,null,null,null,null,null
1787,4.05342,36,null,null,null,null,null,null,null,null,null,null,null,null
1788,4.05354,33,null,null,null,null,null,null,null,null,null,null,null,null
1789,4.05366,52,null,null,null,null,null,null,null,null,null,null,null,null
1790,4.05381,65,null,null,null,null,null,null,null,null,null,null,null,null
1791,4.05398,73,null,null,null,null,null,null,null,null,null,null,null,null
1792,4.05412,88,null,null,null,null,null,null,null,null,null,null,null,null
1793,4.05424,97,null,null,null,null,null,null,null,null,null,null,null,null
1794,4.05452,87,null,null,null,null,null,null,null,null,null,null,null,null
1795,4.09457,90,null,null,null,null,null,null,null,null,null,null,null,null
1796,4.09482,104,null,null,null,null,null,null,null,null,null,null,null,null
1797,4.09501,113,null,null,null,null,null,null,null,null,null,null,null,null
1798,4.09534,84,null,null,null,null,null,null,null,null,null,null,null,null
1799,4.09559,51,null,null,null,null,null,null,null,null,null,null,null,null
1800,4.09574,49,null,null,null,null,null,null,null,null,null,null,null,null
1801,4.09588,57,null,null,null,null,null,null,null,null,null,null,null,null
1802,4.09601,60,null,null,null,null,null,null,null,null,null,null,null,null
1803,4.09615,57,null,null,null,null,null,null,null,null,null,null,null,null
1804,4.09633,60,null,null,null,null,null,null,null,null,null,null,null,null
1805,4.09647,74,null,null,null,null,null,null,null,null,null,null,null,null
1806,4.09661,74,null,null,null,null,null,null,null,null,null,null,null,null
1807,4.09675,67,null,null,null,null,null,null,null,null,null,null,null,null
1808,4.09687,55,null,null,null,null,null,null,null,null,null,null,null,null
1809,4.09703,52,null,null,null,null,null,null,null,null,null,null,null,null
1810,4.09717,54,null,null,null,null,null,null,null,null,null,null,null,null
1811,4.09741,40,null,null,null,null,null,null,null,null,null,null,null,null
1812,4.09755,7,null,null,null,null,null,null,null,null,null,null,null,null
1813,4.09770,-6,null,null,null,null,null,null,null,null,null,null,null,null
1814,4.09789,11,null,null,null,null,null,null,null,null,null,null,null,null
1815,4.15806,27,null,null,null,null,null,null,null,null,null,null,null,null
1816,4.15844,40,null,null,null,null,null,null,null,null,null,null,null,null
1817,4.15889,56,null,null,null,null,null,null,null,null,null,null,null,null
1818,4.15934,64,null,null,null,null,null,null,null,null,null,null,null,null
1819,4.15980,64,null,null,null,null,null,null,null,null,null,null,null,null
1820,4.16006,49,null,null,null,null,null,null,null,null,null,null,null,null
1821,4.16030,42,null,null,null,null,null,null,null,null,null,null,null,null
1822,4.16053,64,null,null,null,null,null,null,null,null,null,null,null,null
1823,4.16075,72,null,null,null,null,null,null,null,null,null,null,null,null
1824,4.16096,null,35,77,116255,14917,10292,4176,4147,2716,1956,3204,0,null
1825,4.16126,53,null,null,null,null,null,null,null,null,null,null,null,null
1826,4.16151,37,null,null,null,null,null,null,null,null,null,null,null,null
1827,4.16172,59,null,null,null,null,null,null,null,null,null,null,null,null
1828,4.16191,88,null,null,null,null,null,null,null,null,null,null,null,null
1829,4.16210,77,null,null,null,null,null,null,null,null,null,null,null,null
1830,4.16228,52,null,null,null,null,null,null,null,null,null,null,null,null
1831,4.16354,35,null,null,null,null,null,null,null,null,null,null,null,null
1832,4.16384,32,null,null,null,null,null,null,null,null,null,null,null,null
1833,4.16434,20,null,null,null,null,null,null,null,null,null,null,null,null
1834,4.16471,18,null,null,null,null,null,null,null,null,null,null,null,null
1835,4.16513,32,null,null,null,null,null,null,null,null,null,null,null,null
1836,4.16564,49,null,null,null,null,null,null,null,null,null,null,null,null
1837,4.16597,52,null,null,null,null,null,null,null,null,null,null,null,null
1838,4.16619,28,null,null,null,null,null,null,null,null,null,null,null,null
1839,4.16639,23,null,null,null,null,null,null,null,null,null,null,null,null
1840,4.16660,49,null,null,null,null,null,null,null,null,null,null,null,null
1841,4.16679,73,null,null,null,null,null,null,null,null,null,null,null,null
1842,4.16697,69,null,null,null,null,null,null,null,null,null,null,null,null
1843,4.16716,53,null,null,null,null,null,null,null,null,null,null,null,null
1844,4.16738,42,null,null,null,null,null,null,null,null,null,null,null,null
1845,4.16755,33,null,null,null,null,null,null,null,null,null,null,null,null
1846,4.16773,21,null,null,null,null,null,null,null,null,null,null,null,null
1847,4.16791,21,null,null,null,null,null,null,null,null,null,null,null,null
1848,4.16808,56,null,null,null,null,null,null,null,null,null,null,null,null
1849,4.16825,80,null,null,null,null,null,null,null,null,null,null,null,null
1850,4.16847,57,null,null,null,null,null,null,null,null,null,null,null,null
1851,4.20836,19,null,null,null,null,null,null,null,null,null,null,null,null
1852,4.20866,9,null,null,null,null,null,null,null,null,null,null,null,null
1853,4.21295,35,null,null,null,null,null,null,null,null,null,null,null,null
1854,4.21524,59,null,null,null,null,null,null,null,null,null,null,null,null
1855,4.22104,52,null,null,null,null,null,null,null,null,null,null,null,null
1856,4.22150,35,null,null,null,null,null,null,null,null,null,null,null,null
1857,4.22183,41,null,null,null,null,null,null,null,null,null,null,null,null
1858,4.22605,49,null,null,null,null,null,null,null,null,null,null,null,null
1859,4.22658,41,null,null,null,null,null,null,null,null,null,null,null,null
1860,4.22731,40,null,null,null,null,null,null,null,null,null,null,null,null
1861,4.22773,48,null,null,null,null,null,null,null,null,null,null,null,null
1862,4.22793,49,null,null,null,null,null,null,null,null,null,null,null,null
1863,4.22963,40,null,null,null,null,null,null,null,null,null,null,null,null
1864,4.22991,42,null,null,null,null,null,null,null,null,null,null,null,null
1865,4.23073,68,null,null,null,null,null,null,null,null,null,null,null,null
1866,4.23096,97,null,null,null,null,null,null,null,null,null,null,null,null
1867,4.23117,93,null,null,null,null,null,null,null,null,null,null,null,null
1868,4.23137,77,null,null,null,null,null,null,null,null,null,null,null,null
1869,4.23151,88,null,null,null,null,null,null,null,null,null,null,null,null
1870,4.25214,108,null,null,null,null,null,null,null,null,null,null,null,null
1871,4.25241,108,null,null,null,null,null,null,null,null,null,null,null,null
1872,4.25268,81,null,null,null,null,null,null,null,null,null,null,null,null
1873,4.25295,55,null,null,null,null,null,null,null,null,null,null,null,null
1874,4.25321,53,null,null,null,null,null,null,null,null,null,null,null,null
1875,4.25341,58,null,null,null,null,null,null,null,null,null,null,null,null
1876,4.25356,49,null,null,null,null,null,null,null,null,null,null,null,null
1877,4.25374,36,null,null,null,null,null,null,null,null,null,null,null,null
1878,4.25394,55,null,null,null,null,null,null,null,null,null,null,null,null
1879,4.25410,92,null,null,null,null,null,null,null,null,null,null,null,null
1880,4.25423,105,null,null,null,null,null,null,null,null,null,null,null,null
1881,4.25439,99,null,null,null,null,null,null,null,null,null,null,null,null
1882,4.25457,104,null,null,null,null,null,null,null,null,null,null,null,null
1883,4.25471,125,null,null,null,null,null,null,null,null,null,null,null,null
1884,4.25484,139,null,null,null,null,null,null,null,null,null,null,null,null
1885,4.25502,120,null,null,null,null,null,null,null,null,null,null,null,null
1886,4.25517,98,null,null,null,null,null,null,null,null,null,null,null,null
1887,4.25529,103,null,null,null,null,null,null,null,null,null,null,null,null
1888,4.25541,115,null,null,null,null,null,null,null,null,null,null,null,null
1889,4.25558,102,null,null,null,null,null,null,null,null,null,null,null,null
1890,4.27460,72,null,null,null,null,null,null,null,null,null,null,null,null
1891,4.27485,58,null,null,null,null,null,null,null,null,null,null,null,null
1892,4.27516,54,null,null,null,null,null,null,null,null,null,null,null,null
1893,4.27539,49,null,null,null,null,null,null,null,null,null,null,null,null
1894,4.27590,49,null,null,null,null,null,null,null,null,null,null,null,null
1895,4.27606,58,null,null,null,null,null,null,null,null,null,null,null,null
1896,4.27633,70,null,null,null,null,null,null,null,null,null,null,null,null
1897,4.27650,55,null,null,null,null,null,null,null,null,null,null,null,null
1898,4.27673,11,null,null,null,null,null,null,null,null,null,null,null,null
1899,4.27688,6,null,null,null,null,null,null,null,null,null,null,null,null
1900,4.27703,32,null,null,null,null,null,null,null,null,null,null,null,null
1901,4.27715,35,null,null,null,null,null,null,null,null,null,null,null,null
1902,4.27757,11,null,null,null,null,null,null,null,null,null,null,null,null
1903,4.27774,-10,null,null,null,null,null,null,null,null,null,null,null,null
1904,4.27790,-9,null,null,null,null,null,null,null,null,null,null,null,null
1905,4.27803,3,null,null,null,null,null,null,null,null,null,null,null,null
1906,4.27815,-12,null,null,null,null,null,null,null,null,null,null,null,null
1907,4.27830,-24,null,null,null,null,null,null,null,null,null,null,null,null
1908,4.27882,-2,null,null,null,null,null,null,null,null,null,null,null,null
1909,4.27895,22,null,null,null,null,null,null,null,null,null,null,null,null
1910,4.31980,10,null,null,null,null,null,null,null,null,null,null,null,null
1911,4.32006,-14,null,null,null,null,null,null,null,null,null,null,null,null
1912,4.32042,-5,null,null,null,null,null,null,null,null,null,null,null,null
1913,4.32070,37,null,null,null,null,null,null,null,null,null,null,null,null
1914,4.32123,60,null,null,null,null,null,null,null,null,null,null,null,null
1915,4.32162,56,null,null,null,null,null,null,null,null,null,null,null,null
1916,4.32197,55,null,null,null,null,null,null,null,null,null,null,null,null
1917,4.32217,75,null,null,null,null,null,null,null,null,null,null,null,null
1918,4.32242,96,null,null,null,null,null,null,null,null,null,null,null,null
1919,4.32320,84,null,null,null,null,null,null,null,null,null,null,null,null
1920,4.32354,68,null,null,null,null,null,null,null,null,null,null,null,null
1921,4.32405,74,null,null,null,null,null,null,null,null,null,null,null,null
1922,4.32422,82,null,null,null,null,null,null,null,null,null,null,null,null
1923,4.32443,69,null,null,null,null,null,null,null,null,null,null,null,null
1924,4.32470,55,null,null,null,null,null,null,null,null,null,null,null,null
1925,4.32496,72,null,null,null,null,null,null,null,null,null,null,null,null
1926,4.32510,115,null,null,null,null,null,null,null,null,null,null,null,null
1927,4.32554,128,null,null,null,null,null,null,null,null,null,null,null,null
1928,4.32571,98,null,null,null,null,null,null,null,null,null,null,null,null
1929,4.36474,76,null,null,null,null,null,null,null,null,null,null,null,null
1930,4.36503,82,null,null,null,null,null,null,null,null,null,null,null,null
1931,4.36536,85,null,null,null,null,null,null,null,null,null,null,null,null
1932,4.36568,71,null,null,null,null,null,null,null,null,null,null,null,null
1933,4.36593,60,null,null,null,null,null,null,null,null,null,null,null,null
1934,4.36630,64,null,null,null,null,null,null,null,null,null,null,null,null
1935,4.36653,74,null,null,null,null,null,null,null,null,null,null,null,null
1936,4.36743,65,null,null,null,null,null,null,null,null,null,null,null,null
1937,4.36772,38,null,null,null,null,null,null,null,null,null,null,null,null
1938,4.36797,48,null,null,null,null,null,null,null,null,null,null,null,null
1939,4.36834,64,null,null,null,null,null,null,null,null,null,null,null,null
1940,4.36878,53,null,null,null,null,null,null,null,null,null,null,null,null
1941,4.36899,39,null,null,null,null,null,null,null,null,null,null,null,null
1942,4.36920,42,null,null,null,null,null,null,null,null,null,null,null,null
1943,4.36934,55,null,null,null,null,null,null,null,null,null,null,null,null
1944,4.36947,45,null,null,null,null,null,null,null,null,null,null,null,null
1945,4.36963,28,null,null,null,null,null,null,null,null,null,null,null,null
1946,4.36984,28,null,null,null,null,null,null,null,null,null,null,null,null
1947,4.36998,66,null,null,null,null,null,null,null,null,null,null,null,null
1948,4.37026,85,null,null,null,null,null,null,null,null,null,null,null,null
1949,4.38768,50,null,null,null,null,null,null,null,null,null,null,null,null
1950,4.38800,2,null,null,null,null,null,null,null,null,null,null,null,null
1951,4.38836,-4,null,null,null,null,null,null,null,null,null,null,null,null
1952,4.38868,11,null,null,null,null,null,null,null,null,null,null,null,null
1953,4.38903,-1,null,null,null,null,null,null,null,null,null,null,null,null
1954,4.38957,-28,null,null,null,null,null,null,null,null,null,null,null,null
1955,4.38976,-35,null,null,null,null,null,null,null,null,null,null,null,null
1956,4.39004,-20,null,null,null,null,null,null,null,null,null,null,null,null
1957,4.39026,-22,null,null,null,null,null,null,null,null,null,null,null,null
1958,4.39048,-19,null,null,null,null,null,null,null,null,null,null,null,null
1959,4.39063,3,null,null,null,null,null,null,null,null,null,null,null,null
1960,4.39080,17,null,null,null,null,null,null,null,null,null,null,null,null
1961,4.39114,-2,null,null,null,null,null,null,null,null,null,null,null,null
1962,4.39136,-34,null,null,null,null,null,null,null,null,null,null,null,null
1963,4.39150,-44,null,null,null,null,null,null,null,null,null,null,null,null
1964,4.39165,-41,null,null,null,null,null,null,null,null,null,null,null,null
1965,4.39201,-34,null,null,null,null,null,null,null,null,null,null,null,null
1966,4.39219,-34,null,null,null,null,null,null,null,null,null,null,null,null
1967,4.39236,-29,null,null,null,null,null,null,null,null,null,null,null,null
1968,4.39254,-19,null,null,null,null,null,null,null,null,null,null,null,null
1969,4.45472,2,null,null,null,null,null,null,null,null,null,null,null,null
1970,4.45497,-3,null,null,null,null,null,null,null,null,null,null,null,null
1971,4.45531,-17,null,null,null,null,null,null,null,null,null,null,null,null
1972,4.45561,-2,null,null,null,null,null,null,null,null,null,null,null,null
1973,4.45584,19,null,null,null,null,null,null,null,null,null,null,null,null
1974,4.45603,9,null,null,null,null,null,null,null,null,null,null,null,null
1975,4.45625,-7,null,null,null,null,null,null,null,null,null,null,null,null
1976,4.45648,1,null,null,null,null,null,null,null,null,null,null,null,null
1977,4.45663,22,null,null,null,null,null,null,null,null,null,null,null,null
1978,4.45682,40,null,null,null,null,null,null,null,null,null,null,null,null
1979,4.45696,35,null,null,null,null,null,null,null,null,null,null,null,null
1980,4.45713,27,null,null,null,null,null,null,null,null,null,null,null,null
1981,4.45728,38,null,null,null,null,null,null,null,null,null,null,null,null
1982,4.45745,55,null,null,null,null,null,null,null,null,null,null,null,null
1983,4.45767,42,null,null,null,null,null,null,null,null,null,null,null,null
1984,4.45785,27,null,null,null,null,null,null,null,null,null,null,null,null
1985,4.45803,48,null,null,null,null,null,null,null,null,null,null,null,null
1986,4.45819,64,null,null,null,null,null,null,null,null,null,null,null,null
1987,4.45834,69,null,null,null,null,null,null,null,null,null,null,null,null
1988,4.47670,82,null,null,null,null,null,null,null,null,null,null,null,null
1989,4.47694,85,null,null,null,null,null,null,null,null,null,null,null,null
1990,4.47722,76,null,null,null,null,null,null,null,null,null,null,null,null
1991,4.47756,49,null,null,null,null,null,null,null,null,null,null,null,null
1992,4.47793,20,null,null,null,null,null,null,null,null,null,null,null,null
1993,4.47819,29,null,null,null,null,null,null,null,null,null,null,null,null
1994,4.47839,50,null,null,null,null,null,null,null,null,null,null,null,null
1995,4.47855,27,null,null,null,null,null,null,null,null,null,null,null,null
1996,4.47874,-18,null,null,null,null,null,null,null,null,null,null,null,null
1997,4.47892,-33,null,null,null,null,null,null,null,null,null,null,null,null
1998,4.47905,4,null,null,null,null,null,null,null,null,null,null,null,null
1999,4.47918,43,null,null,null,null,null,null,null,null,null,null,null,null
2000,4.47937,49,null,null,null,null,null,null,null,null,null,null,null,null
2001,4.47953,57,null,null,null,null,null,null,null,null,null,null,null,null
2002,4.47966,86,null,null,null,null,null,null,null,null,null,null,null,null
2003,4.47980,115,null,null,null,null,null,null,null,null,null,null,null,null
2004,4.48010,97,null,null,null,null,null,null,null,null,null,null,null,null
2005,4.48036,61,null,null,null,null,null,null,null,null,null,null,null,null
2006,4.48050,60,null,null,null,null,null,null,null,null,null,null,null,null
2007,4.48072,83,null,null,null,null,null,null,null,null,null,null,null,null
2008,4.52175,76,null,null,null,null,null,null,null,null,null,null,null,null
2009,4.52202,43,null,null,null,null,null,null,null,null,null,null,null,null
2010,4.52239,20,null,null,null,null,null,null,null,null,null,null,null,null
2011,4.52270,13,null,null,null,null,null,null,null,null,null,null,null,null
2012,4.52309,-1,null,null,null,null,null,null,null,null,null,null,null,null
2013,4.52334,-12,null,null,null,null,null,null,null,null,null,null,null,null
2014,4.52357,7,null,null,null,null,null,null,null,null,null,null,null,null
2015,4.52379,35,null,null,null,null,null,null,null,null,null,null,null,null
2016,4.52402,53,null,null,null,null,null,null,null,null,null,null,null,null
2017,4.52423,50,null,null,null,null,null,null,null,null,null,null,null,null
2018,4.52444,42,null,null,null,null,null,null,null,null,null,null,null,null
2019,4.52458,59,null,null,null,null,null,null,null,null,null,null,null,null
2020,4.52470,83,null,null,null,null,null,null,null,null,null,null,null,null
2021,4.52501,75,null,null,null,null,null,null,null,null,null,null,null,null
2022,4.52522,57,null,null,null,null,null,null,null,null,null,null,null,null
2023,4.52538,70,null,null,null,null,null,null,null,null,null,null,null,null
2024,4.52554,99,null,null,null,null,null,null,null,null,null,null,null,null
2025,4.52568,102,null,null,null,null,null,null,null,null,null,null,null,null
2026,4.52585,73,null,null,null,null,null,null,null,null,null,null,null,null
2027,4.54443,52,null,null,null,null,null,null,null,null,null,null,null,null
2028,4.54542,54,null,null,null,null,null,null,null,null,null,null,null,null
2029,4.54585,57,null,null,null,null,null,null,null,null,null,null,null,null
2030,4.54623,60,null,null,null,null,null,null,null,null,null,null,null,null
2031,4.54662,85,null,null,null,null,null,null,null,null,null,null,null,null
2032,4.54690,122,null,null,null,null,null,null,null,null,null,null,null,null
2033,4.54708,144,null,null,null,null,null,null,null,null,null,null,null,null
2034,4.54756,139,null,null,null,null,null,null,null,null,null,null,null,null
2035,4.54791,148,null,null,null,null,null,null,null,null,null,null,null,null
2036,4.54807,166,null,null,null,null,null,null,null,null,null,null,null,null
2037,4.54830,173,null,null,null,null,null,null,null,null,null,null,null,null
2038,4.54849,151,null,null,null,null,null,null,null,null,null,null,null,null
2039,4.54865,125,null,null,null,null,null,null,null,null,null,null,null,null
2040,4.54881,132,null,null,null,null,null,null,null,null,null,null,null,null
2041,4.54898,162,null,null,null,null,null,null,null,null,null,null,null,null
2042,4.54917,140,null,null,null,null,null,null,null,null,null,null,null,null
2043,4.54943,87,null,null,null,null,null,null,null,null,null,null,null,null
2044,4.54965,55,null,null,null,null,null,null,null,null,null,null,null,null
2045,4.54983,53,null,null,null,null,null,null,null,null,null,null,null,null
2046,4.55001,40,null,null,null,null,null,null,null,null,null,null,null,null
2047,4.58993,13,null,null,null,null,null,null,null,null,null,null,null,null
2048,4.59020,10,null,null,null,null,null,null,null,null,null,null,null,null
2049,4.59050,26,null,null,null,null,null,null,null,null,null,null,null,null
2050,4.59079,45,null,null,null,null,null,null,null,null,null,null,null,null
2051,4.59106,21,null,null,null,null,null,null,null,null,null,null,null,null
2052,4.59125,-10,null,null,null,null,null,null,null,null,null,null,null,null
2053,4.59150,1,null,null,null,null,null,null,null,null,null,null,null,null
2054,4.59176,55,null,null,null,null,null,null,null,null,null,null,null,null
2055,4.59193,88,null,null,null,null,null,null,null,null,null,null,null,null
2056,4.59207,81,null,null,null,null,null,null,null,null,null,null,null,null
2057,4.59221,67,null,null,null,null,null,null,null,null,null,null,null,null
2058,4.59241,82,null,null,null,null,null,null,null,null,null,null,null,null
2059,4.59256,86,null,null,null,null,null,null,null,null,null,null,null,null
2060,4.59270,56,null,null,null,null,null,null,null,null,null,null,null,null
2061,4.59283,42,null,null,null,null,null,null,null,null,null,null,null,null
2062,4.59296,72,null,null,null,null,null,null,null,null,null,null,null,null
2063,4.59312,100,null,null,null,null,null,null,null,null,null,null,null,null
2064,4.59328,83,null,null,null,null,null,null,null,null,null,null,null,null
2065,4.59345,67,null,null,null,null,null,null,null,null,null,null,null,null
2066,4.59369,71,null,null,null,null,null,null,null,null,null,null,null,null
2067,4.63466,77,null,null,null,null,null,null,null,null,null,null,null,null
2068,4.63492,69,null,null,null,null,null,null,null,null,null,null,null,null
2069,4.63529,69,null,null,null,null,null,null,null,null,null,null,null,null
2070,4.63561,71,null,null,null,null,null,null,null,null,null,null,null,null
2071,4.63592,69,null,null,null,null,null,null,null,null,null,null,null,null
2072,4.63613,58,null,null,null,null,null,null,null,null,null,null,null,null
2073,4.63628,43,null,null,null,null,null,null,null,null,null,null,null,null
2074,4.63641,48,null,null,null,null,null,null,null,null,null,null,null,null
2075,4.63658,66,null,null,null,null,null,null,null,null,null,null,null,null
2076,4.63675,76,null,null,null,null,null,null,null,null,null,null,null,null
2077,4.63690,80,null,null,null,null,null,null,null,null,null,null,null,null
2078,4.63703,81,null,null,null,null,null,null,null,null,null,null,null,null
2079,4.63718,80,null,null,null,null,null,null,null,null,null,null,null,null
2080,4.63739,81,null,null,null,null,null,null,null,null,null,null,null,null
2081,4.63753,48,null,null,null,null,null,null,null,null,null,null,null,null
2082,4.63766,21,null,null,null,null,null,null,null,null,null,null,null,null
2083,4.63782,39,null,null,null,null,null,null,null,null,null,null,null,null
2084,4.63797,69,null,null,null,null,null,null,null,null,null,null,null,null
2085,4.63811,65,null,null,null,null,null,null,null,null,null,null,null,null
2086,4.65714,49,null,null,null,null,null,null,null,null,null,null,null,null
2087,4.65742,60,null,null,null,null,null,null,null,null,null,null,null,null
2088,4.65765,90,null,null,null,null,null,null,null,null,null,null,null,null
2089,4.65794,91,null,null,null,null,null,null,null,null,null,null,null,null
2090,4.65828,64,null,null,null,null,null,null,null,null,null,null,null,null
2091,4.65881,55,null,null,null,null,null,null,null,null,null,null,null,null
2092,4.65932,68,null,null,null,null,null,null,null,null,null,null,null,null
2093,4.65968,85,null,null,null,null,null,null,null,null,null,null,null,null
2094,4.66031,80,null,null,null,null,null,null,null,null,null,null,null,null
2095,4.66051,74,null,null,null,null,null,null,null,null,null,null,null,null
2096,4.66066,112,null,null,null,null,null,null,null,null,null,null,null,null
2097,4.66079,139,null,null,null,null,null,null,null,null,null,null,null,null
2098,4.66091,117,null,null,null,null,null,null,null,null,null,null,null,null
2099,4.66113,96,null,null,null,null,null,null,null,null,null,null,null,null
2100,4.66145,105,null,null,null,null,null,null,null,null,null,null,null,null
2101,4.66160,121,null,null,null,null,null,null,null,null,null,null,null,null
2102,4.66187,117,null,null,null,null,null,null,null,null,null,null,null,null
2103,4.66205,118,null,null,null,null,null,null,null,null,null,null,null,null
2104,4.66223,129,null,null,null,null,null,null,null,null,null,null,null,null
2105,4.66236,120,null,null,null,null,null,null,null,null,null,null,null,null
2106,4.72496,71,null,null,null,null,null,null,null,null,null,null,null,null
2107,4.72539,21,null,null,null,null,null,null,null,null,null,null,null,null
2108,4.72590,29,null,null,null,null,null,null,null,null,null,null,null,null
2109,4.72618,73,null,null,null,null,null,null,null,null,null,null,null,null
2110,4.72659,97,null,null,null,null,null,null,null,null,null,null,null,null
2111,4.72675,70,null,null,null,null,null,null,null,null,null,null,null,null
2112,4.72689,34,null,null,null,null,null,null,null,null,null,null,null,null
2113,4.72713,20,null,null,null,null,null,null,null,null,null,null,null,null
2114,4.72729,25,null,null,null,null,null,null,null,null,null,null,null,null
2115,4.72751,21,null,null,null,null,null,null,null,null,null,null,null,null
2116,4.72770,8,null,null,null,null,null,null,null,null,null,null,null,null
2117,4.72798,11,null,null,null,null,null,null,null,null,null,null,null,null
2118,4.72849,7,null,null,null,null,null,null,null,null,null,null,null,null
2119,4.72887,-12,null,null,null,null,null,null,null,null,null,null,null,null
2120,4.72904,-4,null,null,null,null,null,null,null,null,null,null,null,null
2121,4.72919,36,null,null,null,null,null,null,null,null,null,null,null,null
2122,4.72931,55,null,null,null,null,null,null,null,null,null,null,null,null
2123,4.72942,39,null,null,null,null,null,null,null,null,null,null,null,null
2124,4.72957,39,null,null,null,null,null,null,null,null,null,null,null,null
2125,4.72969,54,null,null,null,null,null,null,null,null,null,null,null,null
2126,4.74715,65,null,null,null,null,null,null,null,null,null,null,null,null
2127,4.74739,48,null,null,null,null,null,null,null,null,null,null,null,null
2128,4.74768,23,null,null,null,null,null,null,null,null,null,null,null,null
2129,4.74792,24,null,null,null,null,null,null,null,null,null,null,null,null
2130,4.74816,56,null,null,null,null,null,null,null,null,null,null,null,null
2131,4.74830,83,null,null,null,null,null,null,null,null,null,null,null,null
2132,4.74844,59,null,null,null,null,null,null,null,null,null,null,null,null
2133,4.74865,35,null,null,null,null,null,null,null,null,null,null,null,null
2134,4.74881,66,null,null,null,null,null,null,null,null,null,null,null,null
2135,4.74897,116,null,null,null,null,null,null,null,null,null,null,null,null
2136,4.74910,122,null,null,null,null,null,null,null,null,null,null,null,null
2137,4.74922,85,null,null,null,null,null,null,null,null,null,null,null,null
2138,4.74942,51,null,null,null,null,null,null,null,null,null,null,null,null
2139,4.74958,51,null,null,null,null,null,null,null,null,null,null,null,null
2140,4.74974,50,null,null,null,null,null,null,null,null,null,null,null,null
2141,4.74989,36,null,null,null,null,null,null,null,null,null,null,null,null
2142,4.75002,43,null,null,null,null,null,null,null,null,null,null,null,null
2143,4.75016,67,null,null,null,null,null,null,null,null,null,null,null,null
2144,4.75031,84,null,null,null,null,null,null,null,null,null,null,null,null
2145,4.76975,97,null,null,null,null,null,null,null,null,null,null,null,null
2146,4.77003,106,null,null,null,null,null,null,null,null,null,null,null,null
2147,4.77034,115,null,null,null,null,null,null,null,null,null,null,null,null
2148,4.77060,120,null,null,null,null,null,null,null,null,null,null,null,null
2149,4.77085,102,null,null,null,null,null,null,null,null,null,null,null,null
2150,4.77102,68,null,null,null,null,null,null,null,null,null,null,null,null
2151,4.77121,60,null,null,null,null,null,null,null,null,null,null,null,null
2152,4.77135,75,null,null,null,null,null,null,null,null,null,null,null,null
2153,4.77149,80,null,null,null,null,null,null,null,null,null,null,null,null
2154,4.77169,57,null,null,null,null,null,null,null,null,null,null,null,null
2155,4.77186,43,null,null,null,null,null,null,null,null,null,null,null,null
2156,4.77200,52,null,null,null,null,null,null,null,null,null,null,null,null
2157,4.77212,40,null,null,null,null,null,null,null,null,null,null,null,null
2158,4.77231,4,null,null,null,null,null,null,null,null,null,null,null,null
2159,4.77247,-5,null,null,null,null,null,null,null,null,null,null,null,null
2160,4.77263,20,null,null,null,null,null,null,null,null,null,null,null,null
2161,4.77275,54,null,null,null,null,null,null,null,null,null,null,null,null
2162,4.77287,55,null,null,null,null,null,null,null,null,null,null,null,null
2163,4.77301,42,null,null,null,null,null,null,null,null,null,null,null,null
2164,4.77319,53,null,null,null,null,null,null,null,null,null,null,null,null
2165,4.81440,70,null,null,null,null,null,null,null,null,null,null,null,null
2166,4.81480,53,null,null,null,null,null,null,null,null,null,null,null,null
2167,4.81575,36,null,null,null,null,null,null,null,null,null,null,null,null
2168,4.81690,57,null,null,null,null,null,null,null,null,null,null,null,null
2169,4.81724,97,null,null,null,null,null,null,null,null,null,null,null,null
2170,4.81744,109,null,null,null,null,null,null,null,null,null,null,null,null
2171,4.81770,92,null,null,null,null,null,null,null,null,null,null,null,null
2172,4.81797,75,null,null,null,null,null,null,null,null,null,null,null,null
2173,4.81819,77,null,null,null,null,null,null,null,null,null,null,null,null
2174,4.81838,81,null,null,null,null,null,null,null,null,null,null,null,null
2175,4.81853,67,null,null,null,null,null,null,null,null,null,null,null,null
2176,4.81876,66,null,null,null,null,null,null,null,null,null,null,null,null
2177,4.81901,70,null,null,null,null,null,null,null,null,null,null,null,null
2178,4.81915,73,null,null,null,null,null,null,null,null,null,null,null,null
2179,4.81927,53,null,null,null,null,null,null,null,null,null,null,null,null
2180,4.81985,48,null,null,null,null,null,null,null,null,null,null,null,null
2181,4.82009,60,null,null,null,null,null,null,null,null,null,null,null,null
2182,4.82023,64,null,null,null,null,null,null,null,null,null,null,null,null
2183,4.82044,26,null,null,null,null,null,null,null,null,null,null,null,null
2184,4.85952,-12,null,null,null,null,null,null,null,null,null,null,null,null
2185,4.85980,-14,null,null,null,null,null,null,null,null,null,null,null,null
2186,4.86002,8,null,null,null,null,null,null,null,null,null,null,null,null
2187,4.86030,10,null,null,null,null,null,null,null,null,null,null,null,null
2188,4.86050,-1,null,null,null,null,null,null,null,null,null,null,null,null
2189,4.86065,3,null,null,null,null,null,null,null,null,null,null,null,null
2190,4.86087,24,null,null,null,null,null,null,null,null,null,null,null,null
2191,4.86107,35,null,null,null,null,null,null,null,null,null,null,null,null
2192,4.86126,16,null,null,null,null,null,null,null,null,null,null,null,null
2193,4.86142,-3,null,null,null,null,null,null,null,null,null,null,null,null
2194,4.86157,5,null,null,null,null,null,null,null,null,null,null,null,null
2195,4.86179,11,null,null,null,null,null,null,null,null,null,null,null,null
2196,4.86196,-11,null,null,null,null,null,null,null,null,null,null,null,null
2197,4.86214,-42,null,null,null,null,null,null,null,null,null,null,null,null
2198,4.86231,-35,null,null,null,null,null,null,null,null,null,null,null,null
2199,4.86247,-6,null,null,null,null,null,null,null,null,null,null,null,null
2200,4.86260,-10,null,null,null,null,null,null,null,null,null,null,null,null
2201,4.86275,-41,null,null,null,null,null,null,null,null,null,null,null,null
2202,4.86287,-68,null,null,null,null,null,null,null,null,null,null,null,null
2203,4.86305,-65,null,null,null,null,null,null,null,null,null,null,null,null
2204,4.90459,-46,null,null,null,null,null,null,null,null,null,null,null,null
2205,4.90488,-51,null,null,null,null,null,null,null,null,null,null,null,null
2206,4.90515,-51,null,null,null,null,null,null,null,null,null,null,null,null
2207,4.90542,-25,null,null,null,null,null,null,null,null,null,null,null,null
2208,4.90569,-4,null,null,null,null,null,null,null,null,null,null,null,null
2209,4.90589,-5,null,null,null,null,null,null,null,null,null,null,null,null
2210,4.90603,-12,null,null,null,null,null,null,null,null,null,null,null,null
2211,4.90616,-9,null,null,null,null,null,null,null,null,null,null,null,null
2212,4.90629,5,null,null,null,null,null,null,null,null,null,null,null,null
2213,4.90647,6,null,null,null,null,null,null,null,null,null,null,null,null
2214,4.90668,10,null,null,null,null,null,null,null,null,null,null,null,null
2215,4.90682,29,null,null,null,null,null,null,null,null,null,null,null,null
2216,4.90706,33,null,null,null,null,null,null,null,null,null,null,null,null
2217,4.90723,4,null,null,null,null,null,null,null,null,null,null,null,null
2218,4.90738,-24,null,null,null,null,null,null,null,null,null,null,null,null
2219,4.90757,-26,null,null,null,null,null,null,null,null,null,null,null,null
2220,4.90771,-9,null,null,null,null,null,null,null,null,null,null,null,null
2221,4.90787,-18,null,null,null,null,null,null,null,null,null,null,null,null
2222,4.90800,-53,null,null,null,null,null,null,null,null,null,null,null,null
2223,4.90816,-61,null,null,null,null,null,null,null,null,null,null,null,null
2224,4.92788,-53,null,null,null,null,null,null,null,null,null,null,null,null
2225,4.92821,-53,null,null,null,null,null,null,null,null,null,null,null,null
2226,4.92905,-81,null,null,null,null,null,null,null,null,null,null,null,null
2227,4.92945,-118,null,null,null,null,null,null,null,null,null,null,null,null
2228,4.92965,-119,null,null,null,null,null,null,null,null,null,null,null,null
2229,4.92993,-89,null,null,null,null,null,null,null,null,null,null,null,null
2230,4.93019,-86,null,null,null,null,null,null,null,null,null,null,null,null
2231,4.93039,-107,null,null,null,null,null,null,null,null,null,null,null,null
2232,4.93059,-113,null,null,null,null,null,null,null,null,null,null,null,null
2233,4.93075,-88,null,null,null,null,null,null,null,null,null,null,null,null
2234,4.93089,-73,null,null,null,null,null,null,null,null,null,null,null,null
2235,4.93103,-81,null,null,null,null,null,null,null,null,null,null,null,null
2236,4.93115,-75,null,null,null,null,null,null,null,null,null,null,null,null
2237,4.93133,-41,null,null,null,null,null,null,null,null,null,null,null,null
2238,4.93155,-24,null,null,null,null,null,null,null,null,null,null,null,null
2239,4.93168,-39,null,null,null,null,null,null,null,null,null,null,null,null
2240,4.93180,-57,null,null,null,null,null,null,null,null,null,null,null,null
2241,4.93195,-66,null,null,null,null,null,null,null,null,null,null,null,null
2242,4.93217,-57,null,null,null,null,null,null,null,null,null,null,null,null
2243,4.97317,-49,null,null,null,null,null,null,null,null,null,null,null,null
2244,4.97346,-53,null,null,null,null,null,null,null,null,null,null,null,null
2245,4.97376,-57,null,null,null,null,null,null,null,null,null,null,null,null
2246,4.97411,-52,null,null,null,null,null,null,null,null,null,null,null,null
2247,4.97440,-42,null,null,null,null,null,null,null,null,null,null,null,null
2248,4.97491,-33,null,null,null,null,null,null,null,null,null,null,null,null
2249,4.97514,-20,null,null,null,null,null,null,null,null,null,null,null,null
2250,4.97532,-12,null,null,null,null,null,null,null,null,null,null,null,null
2251,4.97560,-20,null,null,null,null,null,null,null,null,null,null,null,null
2252,4.97581,-27,null,null,null,null,null,null,null,null,null,null,null,null
2253,4.97605,-23,null,null,null,null,null,null,null,null,null,null,null,null
2254,4.97628,-18,null,null,null,null,null,null,null,null,null,null,null,null
2255,4.97642,-7,null,null,null,null,null,null,null,null,null,null,null,null
2256,4.97657,-11,null,null,null,null,null,null,null,null,null,null,null,null
2257,4.97678,-21,null,null,null,null,null,null,null,null,null,null,null,null
2258,4.97694,-1,null,null,null,null,null,null,null,null,null,null,null,null
2259,4.97707,24,null,null,null,null,null,null,null,null,null,null,null,null
2260,4.97720,5,null,null,null,null,null,null,null,null,null,null,null,null
2261,4.97734,-29,null,null,null,null,null,null,null,null,null,null,null,null
2262,4.97778,-29,null,null,null,null,null,null,null,null,null,null,null,null
2263,5.01726,-2,null,null,null,null,null,null,null,null,null,null,null,null
2264,5.01753,4,null,null,null,null,null,null,null,null,null,null,null,null
2265,5.01786,-11,null,null,null,null,null,null,null,null,null,null,null,null
2266,5.01819,-20,null,null,null,null,null,null,null,null,null,null,null,null
2267,5.01854,-20,null,null,null,null,null,null,null,null,null,null,null,null
2268,5.01875,-33,null,null,null,null,null,null,null,null,null,null,null,null
2269,5.01897,-37,null,null,null,null,null,null,null,null,null,null,null,null
2270,5.01913,-11,null,null,null,null,null,null,null,null,null,null,null,null
2271,5.01926,25,null,null,null,null,null,null,null,null,null,null,null,null
2272,5.01942,50,null,null,null,null,null,null,null,null,null,null,null,null
2273,5.01960,56,null,null,null,null,null,null,null,null,null,null,null,null
2274,5.01980,82,null,null,null,null,null,null,null,null,null,null,null,null
2275,5.01997,131,null,null,null,null,null,null,null,null,null,null,null,null
2276,5.02024,172,null,null,null,null,null,null,null,null,null,null,null,null
2277,5.02043,170,null,null,null,null,null,null,null,null,null,null,null,null
2278,5.02064,149,null,null,null,null,null,null,null,null,null,null,null,null
2279,5.02081,145,null,null,null,null,null,null,null,null,null,null,null,null
2280,5.02097,161,null,null,null,null,null,null,null,null,null,null,null,null
2281,5.02115,161,null,null,null,null,null,null,null,null,null,null,null,null
2282,5.02137,140,null,null,null,null,null,null,null,null,null,null,null,null
2283,5.03985,141,null,null,null,null,null,null,null,null,null,null,null,null
2284,5.04009,169,null,null,null,null,null,null,null,null,null,null,null,null
2285,5.04039,186,null,null,null,null,null,null,null,null,null,null,null,null
2286,5.04065,178,null,null,null,null,null,null,null,null,null,null,null,null
2287,5.04089,171,null,null,null,null,null,null,null,null,null,null,null,null
2288,5.04109,192,null,null,null,null,null,null,null,null,null,null,null,null
2289,5.04127,209,null,null,null,null,null,null,null,null,null,null,null,null
2290,5.04141,199,null,null,null,null,null,null,null,null,null,null,null,null
2291,5.04153,196,null,null,null,null,null,null,null,null,null,null,null,null
2292,5.04167,208,null,null,null,null,null,null,null,null,null,null,null,null
2293,5.04180,218,null,null,null,null,null,null,null,null,null,null,null,null
2294,5.04196,202,null,null,null,null,null,null,null,null,null,null,null,null
2295,5.04210,165,null,null,null,null,null,null,null,null,null,null,null,null
2296,5.04222,151,null,null,null,null,null,null,null,null,null,null,null,null
2297,5.04238,162,null,null,null,null,null,null,null,null,null,null,null,null
2298,5.04254,176,null,null,null,null,null,null,null,null,null,null,null,null
2299,5.04267,198,null,null,null,null,null,null,null,null,null,null,null,null
2300,5.04279,227,null,null,null,null,null,null,null,null,null,null,null,null
2301,5.04294,248,null,null,null,null,null,null,null,null,null,null,null,null
2302,5.08471,247,null,null,null,null,null,null,null,null,null,null,null,null
2303,5.08498,214,null,null,null,null,null,null,null,null,null,null,null,null
2304,5.08539,192,null,null,null,null,null,null,null,null,null,null,null,null
2305,5.08579,213,null,null,null,null,null,null,null,null,null,null,null,null
2306,5.08625,235,null,null,null,null,null,null,null,null,null,null,null,null
2307,5.08651,218,null,null,null,null,null,null,null,null,null,null,null,null
2308,5.08680,208,null,null,null,null,null,null,null,null,null,null,null,null
2309,5.08697,204,null,null,null,null,null,null,null,null,null,null,null,null
2310,5.08742,181,null,null,null,null,null,null,null,null,null,null,null,null
2311,5.08783,150,null,null,null,null,null,null,null,null,null,null,null,null
2312,5.08802,120,null,null,null,null,null,null,null,null,null,null,null,null
2313,5.08823,121,null,null,null,null,null,null,null,null,null,null,null,null
2314,5.08858,121,null,null,null,null,null,null,null,null,null,null,null,null
2315,5.08872,83,null,null,null,null,null,null,null,null,null,null,null,null
2316,5.08891,48,null,null,null,null,null,null,null,null,null,null,null,null
2317,5.08919,43,null,null,null,null,null,null,null,null,null,null,null,null
2318,5.09016,51,null,null,null,null,null,null,null,null,null,null,null,null
2319,5.09044,44,null,null,null,null,null,null,null,null,null,null,null,null
2320,5.09072,17,null,null,null,null,null,null,null,null,null,null,null,null
2321,5.09090,-11,null,null,null,null,null,null,null,null,null,null,null,null
2322,5.12981,-13,null,null,null,null,null,null,null,null,null,null,null,null
2323,5.13007,-11,null,null,null,null,null,null,null,null,null,null,null,null
2324,5.13048,-21,null,null,null,null,null,null,null,null,null,null,null,null
2325,5.13076,-21,null,null,null,null,null,null,null,null,null,null,null,null
2326,5.13111,-11,null,null,null,null,null,null,null,null,null,null,null,null
2327,5.13130,-12,null,null,null,null,null,null,null,null,null,null,null,null
2328,5.13144,-37,null,null,null,null,null,null,null,null,null,null,null,null
2329,5.13157,-62,null,null,null,null,null,null,null,null,null,null,null,null
2330,5.13176,-62,null,null,null,null,null,null,null,null,null,null,null,null
2331,5.13206,-50,null,null,null,null,null,null,null,null,null,null,null,null
2332,5.13236,-66,null,null,null,null,null,null,null,null,null,null,null,null
2333,5.13254,-108,null,null,null,null,null,null,null,null,null,null,null,null
2334,5.13274,-117,null,null,null,null,null,null,null,null,null,null,null,null
2335,5.13294,-70,null,null,null,null,null,null,null,null,null,null,null,null
2336,5.13313,-27,null,null,null,null,null,null,null,null,null,null,null,null
2337,5.13330,null,47,69,289151,73249,14793,34149,50676,9757,4762,2859,0,null
2338,5.16694,-36,null,null,null,null,null,null,null,null,null,null,null,null
2339,5.16720,-51,null,null,null,null,null,null,null,null,null,null,null,null
2340,5.17087,-43,null,null,null,null,null,null,null,null,null,null,null,null
2341,5.17152,-45,null,null,null,null,null,null,null,null,null,null,null,null
2342,5.17181,-72,null,null,null,null,null,null,null,null,null,null,null,null
2343,5.17207,-83,null,null,null,null,null,null,null,null,null,null,null,null
2344,5.17227,-55,null,null,null,null,null,null,null,null,null,null,null,null
2345,5.17256,-20,null,null,null,null,null,null,null,null,null,null,null,null
2346,5.17275,-23,null,null,null,null,null,null,null,null,null,null,null,null
2347,5.17291,-49,null,null,null,null,null,null,null,null,null,null,null,null
2348,5.17329,-57,null,null,null,null,null,null,null,null,null,null,null,null
2349,5.17348,-67,null,null,null,null,null,null,null,null,null,null,null,null
2350,5.17553,-83,null,null,null,null,null,null,null,null,null,null,null,null
2351,5.17590,-100,null,null,null,null,null,null,null,null,null,null,null,null
2352,5.17614,-99,null,null,null,null,null,null,null,null,null,null,null,null
2353,5.17629,-91,null,null,null,null,null,null,null,null,null,null,null,null
2354,5.17643,-102,null,null,null,null,null,null,null,null,null,null,null,null
2355,5.17681,-101,null,null,null,null,null,null,null,null,null,null,null,null
2356,5.17695,-67,null,null,null,null,null,null,null,null,null,null,null,null
2357,5.17707,-24,null,null,null,null,null,null,null,null,null,null,null,null
2358,5.19692,5,null,null,null,null,null,null,null,null,null,null,null,null
2359,5.19719,21,null,null,null,null,null,null,null,null,null,null,null,null
2360,5.19747,32,null,null,null,null,null,null,null,null,null,null,null,null
2361,5.19772,54,null,null,null,null,null,null,null,null,null,null,null,null
2362,5.19855,80,null,null,null,null,null,null,null,null,null,null,null,null
2363,5.19906,102,null,null,null,null,null,null,null,null,null,null,null,null
2364,5.19922,112,null,null,null,null,null,null,null,null,null,null,null,null
2365,5.19948,119,null,null,null,null,null,null,null,null,null,null,null,null
2366,5.19963,136,null,null,null,null,null,null,null,null,null,null,null,null
2367,5.19987,151,null,null,null,null,null,null,null,null,null,null,null,null
2368,5.20002,130,null,null,null,null,null,null,null,null,null,null,null,null
2369,5.20020,105,null,null,null,null,null,null,null,null,null,null,null,null
2370,5.20041,100,null,null,null,null,null,null,null,null,null,null,null,null
2371,5.20059,88,null,null,null,null,null,null,null,null,null,null,null,null
2372,5.20076,51,null,null,null,null,null,null,null,null,null,null,null,null
2373,5.20090,17,null,null,null,null,null,null,null,null,null,null,null,null
2374,5.20111,26,null,null,null,null,null,null,null,null,null,null,null,null
2375,5.20126,82,null,null,null,null,null,null,null,null,null,null,null,null
2376,5.20140,134,null,null,null,null,null,null,null,null,null,null,null,null
2377,5.24232,161,null,null,null,null,null,null,null,null,null,null,null,null
2378,5.24260,178,null,null,null,null,null,null,null,null,null,null,null,null
2379,5.24294,201,null,null,null,null,null,null,null,null,null,null,null,null
2380,5.24322,195,null,null,null,null,null,null,null,null,null,null,null,null
2381,5.24359,149,null,null,null,null,null,null,null,null,null,null,null,null
2382,5.24377,101,null,null,null,null,null,null,null,null,null,null,null,null
2383,5.24393,86,null,null,null,null,null,null,null,null,null,null,null,null
2384,5.24407,84,null,null,null,null,null,null,null,null,null,null,null,null
2385,5.24421,44,null,null,null,null,null,null,null,null,null,null,null,null
2386,5.24435,-8,null,null,null,null,null,null,null,null,null,null,null,null
2387,5.24450,-28,null,null,null,null,null,null,null,null,null,null,null,null
2388,5.24464,-7,null,null,null,null,null,null,null,null,null,null,null,null
2389,5.24483,9,null,null,null,null,null,null,null,null,null,null,null,null
2390,5.24500,16,null,null,null,null,null,null,null,null,null,null,null,null
2391,5.24515,11,null,null,null,null,null,null,null,null,null,null,null,null
2392,5.24527,8,null,null,null,null,null,null,null,null,null,null,null,null
2393,5.24544,2,null,null,null,null,null,null,null,null,null,null,null,null
2394,5.24558,4,null,null,null,null,null,null,null,null,null,null,null,null
2395,5.24572,39,null,null,null,null,null,null,null,null,null,null,null,null
2396,5.24584,75,null,null,null,null,null,null,null,null,null,null,null,null
2397,5.26448,73,null,null,null,null,null,null,null,null,null,null,null,null
2398,5.26474,48,null,null,null,null,null,null,null,null,null,null,null,null
2399,5.26500,45,null,null,null,null,null,null,null,null,null,null,null,null
2400,5.26524,81,null,null,null,null,null,null,null,null,null,null,null,null
2401,5.26548,85,null,null,null,null,null,null,null,null,null,null,null,null
2402,5.26564,49,null,null,null,null,null,null,null,null,null,null,null,null
2403,5.26577,23,null,null,null,null,null,null,null,null,null,null,null,null
2404,5.26590,32,null,null,null,null,null,null,null,null,null,null,null,null
2405,5.26604,39,null,null,null,null,null,null,null,null,null,null,null,null
2406,5.26617,26,null,null,null,null,null,null,null,null,null,null,null,null
2407,5.26629,16,null,null,null,null,null,null,null,null,null,null,null,null
2408,5.26641,21,null,null,null,null,null,null,null,null,null,null,null,null
2409,5.26653,38,null,null,null,null,null,null,null,null,null,null,null,null
2410,5.26667,36,null,null,null,null,null,null,null,null,null,null,null,null
2411,5.26680,13,null,null,null,null,null,null,null,null,null,null,null,null
2412,5.26691,10,null,null,null,null,null,null,null,null,null,null,null,null
2413,5.26708,6,null,null,null,null,null,null,null,null,null,null,null,null
2414,5.26725,-38,null,null,null,null,null,null,null,null,null,null,null,null
2415,5.26743,-101,null,null,null,null,null,null,null,null,null,null,null,null
2416,5.30933,-141,null,null,null,null,null,null,null,null,null,null,null,null
2417,5.30966,-145,null,null,null,null,null,null,null,null,null,null,null,null
2418,5.30997,-120,null,null,null,null,null,null,null,null,null,null,null,null
2419,5.31248,-115,null,null,null,null,null,null,null,null,null,null,null,null
2420,5.31280,-116,null,null,null,null,null,null,null,null,null,null,null,null
2421,5.31309,-88,null,null,null,null,null,null,null,null,null,null,null,null
2422,5.31324,-55,null,null,null,null,null,null,null,null,null,null,null,null
2423,5.31338,-49,null,null,null,null,null,null,null,null,null,null,null,null
2424,5.31351,-56,null,null,null,null,null,null,null,null,null,null,null,null
2425,5.31369,-65,null,null,null,null,null,null,null,null,null,null,null,null
2426,5.31390,-78,null,null,null,null,null,null,null,null,null,null,null,null
2427,5.31405,-110,null,null,null,null,null,null,null,null,null,null,null,null
2428,5.31418,-152,null,null,null,null,null,null,null,null,null,null,null,null
2429,5.31433,-157,null,null,null,null,null,null,null,null,null,null,null,null
2430,5.31449,-132,null,null,null,null,null,null,null,null,null,null,null,null
2431,5.31464,-109,null,null,null,null,null,null,null,null,null,null,null,null
2432,5.31476,-119,null,null,null,null,null,null,null,null,null,null,null,null
2433,5.31492,-117,null,null,null,null,null,null,null,null,null,null,null,null
2434,5.31517,-81,null,null,null,null,null,null,null,null,null,null,null,null
2435,5.31532,-38,null,null,null,null,null,null,null,null,null,null,null,null
2436,5.35470,-27,null,null,null,null,null,null,null,null,null,null,null,null
2437,5.35499,-20,null,null,null,null,null,null,null,null,null,null,null,null
2438,5.35542,8,null,null,null,null,null,null,null,null,null,null,null,null
2439,5.35571,52,null,null,null,null,null,null,null,null,null,null,null,null
2440,5.35675,50,null,null,null,null,null,null,null,null,null,null,null,null
2441,5.35698,-4,null,null,null,null,null,null,null,null,null,null,null,null
2442,5.35791,-22,null,null,null,null,null,null,null,null,null,null,null,null
2443,5.35809,17,null,null,null,null,null,null,null,null,null,null,null,null
2444,5.35823,56,null,null,null,null,null,null,null,null,null,null,null,null
2445,5.35837,64,null,null,null,null,null,null,null,null,null,null,null,null
2446,5.35855,58,null,null,null,null,null,null,null,null,null,null,null,null
2447,5.35879,85,null,null,null,null,null,null,null,null,null,null,null,null
2448,5.35896,107,null,null,null,null,null,null,null,null,null,null,null,null
2449,5.35910,83,null,null,null,null,null,null,null,null,null,null,null,null
2450,5.35923,58,null,null,null,null,null,null,null,null,null,null,null,null
2451,5.35935,54,null,null,null,null,null,null,null,null,null,null,null,null
2452,5.35952,55,null,null,null,null,null,null,null,null,null,null,null,null
2453,5.35971,39,null,null,null,null,null,null,null,null,null,null,null,null
2454,5.35985,25,null,null,null,null,null,null,null,null,null,null,null,null
2455,5.35996,42,null,null,null,null,null,null,null,null,null,null,null,null
2456,5.37834,73,null,null,null,null,null,null,null,null,null,null,null,null
2457,5.37861,93,null,null,null,null,null,null,null,null,null,null,null,null
2458,5.37890,101,null,null,null,null,null,null,null,null,null,null,null,null
2459,5.37915,128,null,null,null,null,null,null,null,null,null,null,null,null
2460,5.37940,177,null,null,null,null,null,null,null,null,null,null,null,null
2461,5.37954,199,null,null,null,null,null,null,null,null,null,null,null,null
2462,5.37967,185,null,null,null,null,null,null,null,null,null,null,null,null
2463,5.37982,180,null,null,null,null,null,null,null,null,null,null,null,null
2464,5.37996,188,null,null,null,null,null,null,null,null,null,null,null,null
2465,5.38008,211,null,null,null,null,null,null,null,null,null,null,null,null
2466,5.38034,220,null,null,null,null,null,null,null,null,null,null,null,null
2467,5.38050,231,null,null,null,null,null,null,null,null,null,null,null,null
2468,5.38068,267,null,null,null,null,null,null,null,null,null,null,null,null
2469,5.38081,311,null,null,null,null,null,null,null,null,null,null,null,null
2470,5.38099,315,null,null,null,null,null,null,null,null,null,null,null,null
2471,5.38113,304,null,null,null,null,null,null,null,null,null,null,null,null
2472,5.38538,312,null,null,null,null,null,null,null,null,null,null,null,null
2473,5.38561,344,null,null,null,null,null,null,null,null,null,null,null,null
2474,5.38578,354,null,null,null,null,null,null,null,null,null,null,null,null
2475,5.42232,340,null,null,null,null,null,null,null,null,null,null,null,null
2476,5.42261,356,null,null,null,null,null,null,null,null,null,null,null,null
2477,5.42372,389,null,null,null,null,null,null,null,null,null,null,null,null
2478,5.42423,393,null,null,null,null,null,null,null,null,null,null,null,null
2479,5.42475,359,null,null,null,null,null,null,null,null,null,null,null,null
2480,5.42535,339,null,null,null,null,null,null,null,null,null,null,null,null
2481,5.42561,354,null,null,null,null,null,null,null,null,null,null,null,null
2482,5.42616,368,null,null,null,null,null,null,null,null,null,null,null,null
2483,5.42649,346,null,null,null,null,null,null,null,null,null,null,null,null
2484,5.42690,311,null,null,null,null,null,null,null,null,null,null,null,null
2485,5.42712,297,null,null,null,null,null,null,null,null,null,null,null,null
2486,5.42774,310,null,null,null,null,null,null,null,null,null,null,null,null
2487,5.42826,315,null,null,null,null,null,null,null,null,null,null,null,null
2488,5.42854,312,null,null,null,null,null,null,null,null,null,null,null,null
2489,5.42880,312,null,null,null,null,null,null,null,null,null,null,null,null
2490,5.42897,324,null,null,null,null,null,null,null,null,null,null,null,null
2491,5.42932,327,null,null,null,null,null,null,null,null,null,null,null,null
2492,5.42954,320,null,null,null,null,null,null,null,null,null,null,null,null
2493,5.42972,316,null,null,null,null,null,null,null,null,null,null,null,null
2494,5.42990,328,null,null,null,null,null,null,null,null,null,null,null,null
2495,5.46721,328,null,null,null,null,null,null,null,null,null,null,null,null
2496,5.46758,304,null,null,null,null,null,null,null,null,null,null,null,null
2497,5.46790,284,null,null,null,null,null,null,null,null,null,null,null,null
2498,5.46844,282,null,null,null,null,null,null,null,null,null,null,null,null
2499,5.46868,280,null,null,null,null,null,null,null,null,null,null,null,null
2500,5.46894,276,null,null,null,null,null,null,null,null,null,null,null,null
2501,5.46917,274,null,null,null,null,null,null,null,null,null,null,null,null
2502,5.46946,256,null,null,null,null,null,null,null,null,null,null,null,null
2503,5.46964,243,null,null,null,null,null,null,null,null,null,null,null,null
2504,5.46988,253,null,null,null,null,null,null,null,null,null,null,null,null
2505,5.47021,266,null,null,null,null,null,null,null,null,null,null,null,null
2506,5.47040,276,null,null,null,null,null,null,null,null,null,null,null,null
2507,5.47069,288,null,null,null,null,null,null,null,null,null,null,null,null
2508,5.47120,274,null,null,null,null,null,null,null,null,null,null,null,null
2509,5.47139,243,null,null,null,null,null,null,null,null,null,null,null,null
2510,5.47158,243,null,null,null,null,null,null,null,null,null,null,null,null
2511,5.47172,278,null,null,null,null,null,null,null,null,null,null,null,null
2512,5.47185,307,null,null,null,null,null,null,null,null,null,null,null,null
2513,5.47208,284,null,null,null,null,null,null,null,null,null,null,null,null
2514,5.47226,252,null,null,null,null,null,null,null,null,null,null,null,null
2515,5.49016,252,null,null,null,null,null,null,null,null,null,null,null,null
2516,5.49104,272,null,null,null,null,null,null,null,null,null,null,null,null
2517,5.49190,260,null,null,null,null,null,null,null,null,null,null,null,null
2518,5.49240,235,null,null,null,null,null,null,null,null,null,null,null,null
2519,5.49277,240,null,null,null,null,null,null,null,null,null,null,null,null
2520,5.49300,269,null,null,null,null,null,null,null,null,null,null,null,null
2521,5.49324,297,null,null,null,null,null,null,null,null,null,null,null,null
2522,5.49346,306,null,null,null,null,null,null,null,null,null,null,null,null
2523,5.49389,290,null,null,null,null,null,null,null,null,null,null,null,null
2524,5.49449,273,null,null,null,null,null,null,null,null,null,null,null,null
2525,5.49469,250,null,null,null,null,null,null,null,null,null,null,null,null
2526,5.49501,213,null,null,null,null,null,null,null,null,null,null,null,null
2527,5.49536,194,null,null,null,null,null,null,null,null,null,null,null,null
2528,5.49553,199,null,null,null,null,null,null,null,null,null,null,null,null
2529,5.49570,183,null,null,null,null,null,null,null,null,null,null,null,null
2530,5.49598,124,null,null,null,null,null,null,null,null,null,null,null,null
2531,5.49624,82,null,null,null,null,null,null,null,null,null,null,null,null
2532,5.49642,84,null,null,null,null,null,null,null,null,null,null,null,null
2533,5.49677,82,null,null,null,null,null,null,null,null,null,null,null,null
2534,5.55320,43,null,null,null,null,null,null,null,null,null,null,null,null
2535,5.55356,10,null,null,null,null,null,null,null,null,null,null,null,null
2536,5.55394,0,null,null,null,null,null,null,null,null,null,null,null,null
2537,5.55419,5,null,null,null,null,null,null,null,null,null,null,null,null
2538,5.55441,2,null,null,null,null,null,null,null,null,null,null,null,null
2539,5.55464,-12,null,null,null,null,null,null,null,null,null,null,null,null
2540,5.55480,-2,null,null,null,null,null,null,null,null,null,null,null,null
2541,5.55494,20,null,null,null,null,null,null,null,null,null,null,null,null
2542,5.55518,22,null,null,null,null,null,null,null,null,null,null,null,null
2543,5.55534,-5,null,null,null,null,null,null,null,null,null,null,null,null
2544,5.55548,-25,null,null,null,null,null,null,null,null,null,null,null,null
2545,5.55562,-25,null,null,null,null,null,null,null,null,null,null,null,null
2546,5.55575,-37,null,null,null,null,null,null,null,null,null,null,null,null
2547,5.55592,-70,null,null,null,null,null,null,null,null,null,null,null,null
2548,5.55613,-90,null,null,null,null,null,null,null,null,null,null,null,null
2549,5.55627,-99,null,null,null,null,null,null,null,null,null,null,null,null
2550,5.55639,-98,null,null,null,null,null,null,null,null,null,null,null,null
2551,5.55655,-108,null,null,null,null,null,null,null,null,null,null,null,null
2552,5.55669,-133,null,null,null,null,null,null,null,null,null,null,null,null
2553,5.55685,-120,null,null,null,null,null,null,null,null,null,null,null,null
2554,5.57986,-89,null,null,null,null,null,null,null,null,null,null,null,null
2555,5.58014,-75,null,null,null,null,null,null,null,null,null,null,null,null
2556,5.58042,-70,null,null,null,null,null,null,null,null,null,null,null,null
2557,5.58070,-39,null,null,null,null,null,null,null,null,null,null,null,null
2558,5.58095,-9,null,null,null,null,null,null,null,null,null,null,null,null
2559,5.58121,-6,null,null,null,null,null,null,null,null,null,null,null,null
2560,5.58142,-9,null,null,null,null,null,null,null,null,null,null,null,null
2561,5.58157,20,null,null,null,null,null,null,null,null,null,null,null,null
2562,5.58174,75,null,null,null,null,null,null,null,null,null,null,null,null
2563,5.58193,105,null,null,null,null,null,null,null,null,null,null,null,null
2564,5.58209,99,null,null,null,null,null,null,null,null,null,null,null,null
2565,5.58223,101,null,null,null,null,null,null,null,null,null,null,null,null
2566,5.58236,128,null,null,null,null,null,null,null,null,null,null,null,null
2567,5.58250,146,null,null,null,null,null,null,null,null,null,null,null,null
2568,5.58262,136,null,null,null,null,null,null,null,null,null,null,null,null
2569,5.58279,124,null,null,null,null,null,null,null,null,null,null,null,null
2570,5.58293,128,null,null,null,null,null,null,null,null,null,null,null,null
2571,5.58306,125,null,null,null,null,null,null,null,null,null,null,null,null
2572,5.58317,116,null,null,null,null,null,null,null,null,null,null,null,null
2573,5.62912,105,null,null,null,null,null,null,null,null,null,null,null,null
2574,5.62941,85,null,null,null,null,null,null,null,null,null,null,null,null
2575,5.63161,42,null,null,null,null,null,null,null,null,null,null,null,null
2576,5.63336,8,null,null,null,null,null,null,null,null,null,null,null,null
2577,5.63551,-11,null,null,null,null,null,null,null,null,null,null,null,null
2578,5.63645,-18,null,null,null,null,null,null,null,null,null,null,null,null
2579,5.63663,-22,null,null,null,null,null,null,null,null,null,null,null,null
2580,5.63762,-37,null,null,null,null,null,null,null,null,null,null,null,null
2581,5.63784,-86,null,null,null,null,null,null,null,null,null,null,null,null
2582,5.63802,-135,null,null,null,null,null,null,null,null,null,null,null,null
2583,5.63817,-140,null,null,null,null,null,null,null,null,null,null,null,null
2584,5.63831,-139,null,null,null,null,null,null,null,null,null,null,null,null
2585,5.63851,-154,null,null,null,null,null,null,null,null,null,null,null,null
2586,5.63865,-172,null,null,null,null,null,null,null,null,null,null,null,null
2587,5.63880,-186,null,null,null,null,null,null,null,null,null,null,null,null
2588,5.63901,-193,null,null,null,null,null,null,null,null,null,null,null,null
2589,5.63916,-210,null,null,null,null,null,null,null,null,null,null,null,null
2590,5.63929,-235,null,null,null,null,null,null,null,null,null,null,null,null
2591,5.63941,-246,null,null,null,null,null,null,null,null,null,null,null,null
2592,5.63960,-245,null,null,null,null,null,null,null,null,null,null,null,null
2593,5.64713,-259,null,null,null,null,null,null,null,null,null,null,null,null
2594,5.64738,-273,null,null,null,null,null,null,null,null,null,null,null,null
2595,5.64762,-248,null,null,null,null,null,null,null,null,null,null,null,null
2596,5.64784,-196,null,null,null,null,null,null,null,null,null,null,null,null
2597,5.64804,-150,null,null,null,null,null,null,null,null,null,null,null,null
2598,5.64820,-124,null,null,null,null,null,null,null,null,null,null,null,null
2599,5.64833,-117,null,null,null,null,null,null,null,null,null,null,null,null
2600,5.64846,-105,null,null,null,null,null,null,null,null,null,null,null,null
2601,5.64858,-118,null,null,null,null,null,null,null,null,null,null,null,null
2602,5.64870,-154,null,null,null,null,null,null,null,null,null,null,null,null
2603,5.64898,-179,null,null,null,null,null,null,null,null,null,null,null,null
2604,5.64917,-156,null,null,null,null,null,null,null,null,null,null,null,null
2605,5.64935,-105,null,null,null,null,null,null,null,null,null,null,null,null
2606,5.64948,-83,null,null,null,null,null,null,null,null,null,null,null,null
2607,5.64962,-94,null,null,null,null,null,null,null,null,null,null,null,null
2608,5.64988,-107,null,null,null,null,null,null,null,null,null,null,null,null
2609,5.65002,-91,null,null,null,null,null,null,null,null,null,null,null,null
2610,5.65016,-66,null,null,null,null,null,null,null,null,null,null,null,null
2611,5.65027,-76,null,null,null,null,null,null,null,null,null,null,null,null
2612,5.65041,-107,null,null,null,null,null,null,null,null,null,null,null,null
2613,5.69170,-110,null,null,null,null,null,null,null,null,null,null,null,null
2614,5.69201,-85,null,null,null,null,null,null,null,null,null,null,null,null
2615,5.69232,-39,null,null,null,null,null,null,null,null,null,null,null,null
2616,5.69257,18,null,null,null,null,null,null,null,null,null,null,null,null
2617,5.69346,101,null,null,null,null,null,null,null,null,null,null,null,null
2618,5.69382,194,null,null,null,null,null,null,null,null,null,null,null,null
2619,5.69416,262,null,null,null,null,null,null,null,null,null,null,null,null
2620,5.69467,309,null,null,null,null,null,null,null,null,null,null,null,null
2621,5.69488,352,null,null,null,null,null,null,null,null,null,null,null,null
2622,5.69512,372,null,null,null,null,null,null,null,null,null,null,null,null
2623,5.69526,345,null,null,null,null,null,null,null,null,null,null,null,null
2624,5.69544,268,null,null,null,null,null,null,null,null,null,null,null,null
2625,5.69563,187,null,null,null,null,null,null,null,null,null,null,null,null
2626,5.69580,124,null,null,null,null,null,null,null,null,null,null,null,null
2627,5.69594,57,null,null,null,null,null,null,null,null,null,null,null,null
2628,5.69614,-6,null,null,null,null,null,null,null,null,null,null,null,null
2629,5.69635,-55,null,null,null,null,null,null,null,null,null,null,null,null
2630,5.69649,-97,null,null,null,null,null,null,null,null,null,null,null,null
2631,5.69664,-129,null,null,null,null,null,null,null,null,null,null,null,null
2632,5.73767,-145,null,null,null,null,null,null,null,null,null,null,null,null
2633,5.73797,-154,null,null,null,null,null,null,null,null,null,null,null,null
2634,5.73833,-149,null,null,null,null,null,null,null,null,null,null,null,null
2635,5.73858,-136,null,null,null,null,null,null,null,null,null,null,null,null
2636,5.73897,-125,null,null,null,null,null,null,null,null,null,null,null,null
2637,5.73953,-100,null,null,null,null,null,null,null,null,null,null,null,null
2638,5.73994,-68,null,null,null,null,null,null,null,null,null,null,null,null
2639,5.74024,-42,null,null,null,null,null,null,null,null,null,null,null,null
2640,5.74047,-38,null,null,null,null,null,null,null,null,null,null,null,null
2641,5.74062,-42,null,null,null,null,null,null,null,null,null,null,null,null
2642,5.74076,-30,null,null,null,null,null,null,null,null,null,null,null,null
2643,5.74089,2,null,null,null,null,null,null,null,null,null,null,null,null
2644,5.74105,34,null,null,null,null,null,null,null,null,null,null,null,null
2645,5.74127,41,null,null,null,null,null,null,null,null,null,null,null,null
2646,5.74144,72,null,null,null,null,null,null,null,null,null,null,null,null
2647,5.74165,120,null,null,null,null,null,null,null,null,null,null,null,null
2648,5.74181,120,null,null,null,null,null,null,null,null,null,null,null,null
2649,5.74199,82,null,null,null,null,null,null,null,null,null,null,null,null
2650,5.74214,52,null,null,null,null,null,null,null,null,null,null,null,null
2651,5.74230,25,null,null,null,null,null,null,null,null,null,null,null,null
2652,5.75915,-45,null,null,null,null,null,null,null,null,null,null,null,null
2653,5.75940,-135,null,null,null,null,null,null,null,null,null,null,null,null
2654,5.75967,-193,null,null,null,null,null,null,null,null,null,null,null,null
2655,5.75993,-211,null,null,null,null,null,null,null,null,null,null,null,null
2656,5.76022,-210,null,null,null,null,null,null,null,null,null,null,null,null
2657,5.76041,-216,null,null,null,null,null,null,null,null,null,null,null,null
2658,5.76058,-228,null,null,null,null,null,null,null,null,null,null,null,null
2659,5.76072,-209,null,null,null,null,null,null,null,null,null,null,null,null
2660,5.76087,-168,null,null,null,null,null,null,null,null,null,null,null,null
2661,5.76106,-169,null,null,null,null,null,null,null,null,null,null,null,null
2662,5.76122,-218,null,null,null,null,null,null,null,null,null,null,null,null
2663,5.76137,-241,null,null,null,null,null,null,null,null,null,null,null,null
2664,5.76150,-222,null,null,null,null,null,null,null,null,null,null,null,null
2665,5.76169,-197,null,null,null,null,null,null,null,null,null,null,null,null
2666,5.76186,-172,null,null,null,null,null,null,null,null,null,null,null,null
2667,5.76203,-169,null,null,null,null,null,null,null,null,null,null,null,null
2668,5.76219,-152,null,null,null,null,null,null,null,null,null,null,null,null
2669,5.76235,-136,null,null,null,null,null,null,null,null,null,null,null,null
2670,5.76248,-139,null,null,null,null,null,null,null,null,null,null,null,null
2671,5.76260,-140,null,null,null,null,null,null,null,null,null,null,null,null
2672,5.80487,-140,null,null,null,null,null,null,null,null,null,null,null,null
2673,5.80527,-146,null,null,null,null,null,null,null,null,null,null,null,null
2674,5.80585,-154,null,null,null,null,null,null,null,null,null,null,null,null
2675,5.80639,-145,null,null,null,null,null,null,null,null,null,null,null,null
2676,5.80680,-106,null,null,null,null,null,null,null,null,null,null,null,null
2677,5.80714,-84,null,null,null,null,null,null,null,null,null,null,null,null
2678,5.80752,-113,null,null,null,null,null,null,null,null,null,null,null,null
2679,5.80816,-164,null,null,null,null,null,null,null,null,null,null,null,null
2680,5.80834,-193,null,null,null,null,null,null,null,null,null,null,null,null
2681,5.80855,-190,null,null,null,null,null,null,null,null,null,null,null,null
2682,5.80878,-197,null,null,null,null,null,null,null,null,null,null,null,null
2683,5.80894,-203,null,null,null,null,null,null,null,null,null,null,null,null
2684,5.80909,-195,null,null,null,null,null,null,null,null,null,null,null,null
2685,5.80931,-186,null,null,null,null,null,null,null,null,null,null,null,null
2686,5.80957,-181,null,null,null,null,null,null,null,null,null,null,null,null
2687,5.80972,-182,null,null,null,null,null,null,null,null,null,null,null,null
2688,5.80985,-170,null,null,null,null,null,null,null,null,null,null,null,null
2689,5.81005,-129,null,null,null,null,null,null,null,null,null,null,null,null
2690,5.81019,-74,null,null,null,null,null,null,null,null,null,null,null,null
2691,5.84988,-42,null,null,null,null,null,null,null,null,null,null,null,null
2692,5.85015,-35,null,null,null,null,null,null,null,null,null,null,null,null
2693,5.85049,-23,null,null,null,null,null,null,null,null,null,null,null,null
2694,5.85073,-10,null,null,null,null,null,null,null,null,null,null,null,null
2695,5.85099,-25,null,null,null,null,null,null,null,null,null,null,null,null
2696,5.85127,-52,null,null,null,null,null,null,null,null,null,null,null,null
2697,5.85147,-39,null,null,null,null,null,null,null,null,null,null,null,null
2698,5.85169,-7,null,null,null,null,null,null,null,null,null,null,null,null
2699,5.85187,22,null,null,null,null,null,null,null,null,null,null,null,null
2700,5.85202,19,null,null,null,null,null,null,null,null,null,null,null,null
2701,5.85220,12,null,null,null,null,null,null,null,null,null,null,null,null
2702,5.85236,33,null,null,null,null,null,null,null,null,null,null,null,null
2703,5.85250,32,null,null,null,null,null,null,null,null,null,null,null,null
2704,5.85264,7,null,null,null,null,null,null,null,null,null,null,null,null
2705,5.85279,-18,null,null,null,null,null,null,null,null,null,null,null,null
2706,5.85302,-25,null,null,null,null,null,null,null,null,null,null,null,null
2707,5.85317,-18,null,null,null,null,null,null,null,null,null,null,null,null
2708,5.85330,-11,null,null,null,null,null,null,null,null,null,null,null,null
2709,5.85342,-26,null,null,null,null,null,null,null,null,null,null,null,null
2710,5.85356,-36,null,null,null,null,null,null,null,null,null,null,null,null
2711,5.88397,-25,null,null,null,null,null,null,null,null,null,null,null,null
2712,5.88425,-8,null,null,null,null,null,null,null,null,null,null,null,null
2713,5.88783,16,null,null,null,null,null,null,null,null,null,null,null,null
2714,5.88882,39,null,null,null,null,null,null,null,null,null,null,null,null
2715,5.89063,61,null,null,null,null,null,null,null,null,null,null,null,null
2716,5.89368,76,null,null,null,null,null,null,null,null,null,null,null,null
2717,5.89384,67,null,null,null,null,null,null,null,null,null,null,null,null
2718,5.89517,68,null,null,null,null,null,null,null,null,null,null,null,null
2719,5.89953,80,null,null,null,null,null,null,null,null,null,null,null,null
2720,5.90196,59,null,null,null,null,null,null,null,null,null,null,null,null
2721,5.90213,17,null,null,null,null,null,null,null,null,null,null,null,null
2722,5.90564,-20,null,null,null,null,null,null,null,null,null,null,null,null
2723,5.90589,-9,null,null,null,null,null,null,null,null,null,null,null,null
2724,5.91037,38,null,null,null,null,null,null,null,null,null,null,null,null
2725,5.91054,81,null,null,null,null,null,null,null,null,null,null,null,null
2726,5.91072,105,null,null,null,null,null,null,null,null,null,null,null,null
2727,5.91110,136,null,null,null,null,null,null,null,null,null,null,null,null
2728,5.91128,171,null,null,null,null,null,null,null,null,null,null,null,null
2729,5.91145,187,null,null,null,null,null,null,null,null,null,null,null,null
2730,5.91716,182,null,null,null,null,null,null,null,null,null,null,null,null
2731,5.91738,212,null,null,null,null,null,null,null,null,null,null,null,null
2732,5.91774,259,null,null,null,null,null,null,null,null,null,null,null,null
2733,5.91805,272,null,null,null,null,null,null,null,null,null,null,null,null
2734,5.91834,259,null,null,null,null,null,null,null,null,null,null,null,null
2735,5.91857,251,null,null,null,null,null,null,null,null,null,null,null,null
2736,5.91877,267,null,null,null,null,null,null,null,null,null,null,null,null
2737,5.91898,280,null,null,null,null,null,null,null,null,null,null,null,null
2738,5.91913,263,null,null,null,null,null,null,null,null,null,null,null,null
2739,5.91929,257,null,null,null,null,null,null,null,null,null,null,null,null
2740,5.91947,250,null,null,null,null,null,null,null,null,null,null,null,null
2741,5.91964,248,null,null,null,null,null,null,null,null,null,null,null,null
2742,5.91984,260,null,null,null,null,null,null,null,null,null,null,null,null
2743,5.92000,248,null,null,null,null,null,null,null,null,null,null,null,null
2744,5.92019,217,null,null,null,null,null,null,null,null,null,null,null,null
2745,5.92041,188,null,null,null,null,null,null,null,null,null,null,null,null
2746,5.92058,176,null,null,null,null,null,null,null,null,null,null,null,null
2747,5.92075,160,null,null,null,null,null,null,null,null,null,null,null,null
2748,5.92099,154,null,null,null,null,null,null,null,null,null,null,null,null
2749,5.92119,164,null,null,null,null,null,null,null,null,null,null,null,null
2750,5.96218,170,null,null,null,null,null,null,null,null,null,null,null,null
2751,5.96244,154,null,null,null,null,null,null,null,null,null,null,null,null
2752,5.96295,135,null,null,null,null,null,null,null,null,null,null,null,null
2753,5.96325,152,null,null,null,null,null,null,null,null,null,null,null,null
2754,5.96349,163,null,null,null,null,null,null,null,null,null,null,null,null
2755,5.96368,136,null,null,null,null,null,null,null,null,null,null,null,null
2756,5.96382,122,null,null,null,null,null,null,null,null,null,null,null,null
2757,5.96404,121,null,null,null,null,null,null,null,null,null,null,null,null
2758,5.96422,122,null,null,null,null,null,null,null,null,null,null,null,null
2759,5.96440,89,null,null,null,null,null,null,null,null,null,null,null,null
2760,5.96455,35,null,null,null,null,null,null,null,null,null,null,null,null
2761,5.96468,17,null,null,null,null,null,null,null,null,null,null,null,null
2762,5.96483,26,null,null,null,null,null,null,null,null,null,null,null,null
2763,5.96496,9,null,null,null,null,null,null,null,null,null,null,null,null
2764,5.96515,-34,null,null,null,null,null,null,null,null,null,null,null,null
2765,5.96531,-45,null,null,null,null,null,null,null,null,null,null,null,null
2766,5.96552,1,null,null,null,null,null,null,null,null,null,null,null,null
2767,5.96574,35,null,null,null,null,null,null,null,null,null,null,null,null
2768,5.96589,4,null,null,null,null,null,null,null,null,null,null,null,null
2769,5.96603,-50,null,null,null,null,null,null,null,null,null,null,null,null
2770,6.00692,-53,null,null,null,null,null,null,null,null,null,null,null,null
2771,6.00720,-26,null,null,null,null,null,null,null,null,null,null,null,null
2772,6.00789,-28,null,null,null,null,null,null,null,null,null,null,null,null
2773,6.00846,-59,null,null,null,null,null,null,null,null,null,null,null,null
2774,6.00872,-77,null,null,null,null,null,null,null,null,null,null,null,null
2775,6.00889,-62,null,null,null,null,null,null,null,null,null,null,null,null
2776,6.00903,-40,null,null,null,null,null,null,null,null,null,null,null,null
2777,6.00922,-38,null,null,null,null,null,null,null,null,null,null,null,null
2778,6.00943,-36,null,null,null,null,null,null,null,null,null,null,null,null
2779,6.00959,-18,null,null,null,null,null,null,null,null,null,null,null,null
2780,6.00983,-9,null,null,null,null,null,null,null,null,null,null,null,null
2781,6.01007,-23,null,null,null,null,null,null,null,null,null,null,null,null
2782,6.01036,-54,null,null,null,null,null,null,null,null,null,null,null,null
2783,6.01056,-59,null,null,null,null,null,null,null,null,null,null,null,null
2784,6.01075,-39,null,null,null,null,null,null,null,null,null,null,null,null
2785,6.01088,-22,null,null,null,null,null,null,null,null,null,null,null,null
2786,6.01107,-11,null,null,null,null,null,null,null,null,null,null,null,null
2787,6.01121,4,null,null,null,null,null,null,null,null,null,null,null,null
2788,6.01145,23,null,null,null,null,null,null,null,null,null,null,null,null
2789,6.02998,12,null,null,null,null,null,null,null,null,null,null,null,null
2790,6.03089,4,null,null,null,null,null,null,null,null,null,null,null,null
2791,6.03118,24,null,null,null,null,null,null,null,null,null,null,null,null
2792,6.03157,56,null,null,null,null,null,null,null,null,null,null,null,null
2793,6.03183,64,null,null,null,null,null,null,null,null,null,null,null,null
2794,6.03211,53,null,null,null,null,null,null,null,null,null,null,null,null
2795,6.03227,66,null,null,null,null,null,null,null,null,null,null,null,null
2796,6.03241,92,null,null,null,null,null,null,null,null,null,null,null,null
2797,6.03262,102,null,null,null,null,null,null,null,null,null,null,null,null
2798,6.03279,92,null,null,null,null,null,null,null,null,null,null,null,null
2799,6.03293,100,null,null,null,null,null,null,null,null,null,null,null,null
2800,6.03308,122,null,null,null,null,null,null,null,null,null,null,null,null
2801,6.03322,107,null,null,null,null,null,null,null,null,null,null,null,null
2802,6.03340,81,null,null,null,null,null,null,null,null,null,null,null,null
2803,6.03358,105,null,null,null,null,null,null,null,null,null,null,null,null
2804,6.03382,133,null,null,null,null,null,null,null,null,null,null,null,null
2805,6.03400,156,null,null,null,null,null,null,null,null,null,null,null,null
2806,6.03420,176,null,null,null,null,null,null,null,null,null,null,null,null
2807,6.03439,179,null,null,null,null,null,null,null,null,null,null,null,null
2808,6.03467,210,null,null,null,null,null,null,null,null,null,null,null,null
2809,6.07476,273,null,null,null,null,null,null,null,null,null,null,null,null
2810,6.07500,316,null,null,null,null,null,null,null,null,null,null,null,null
2811,6.07537,339,null,null,null,null,null,null,null,null,null,null,null,null
2812,6.07568,339,null,null,null,null,null,null,null,null,null,null,null,null
2813,6.07595,297,null,null,null,null,null,null,null,null,null,null,null,null
2814,6.07616,241,null,null,null,null,null,null,null,null,null,null,null,null
2815,6.07637,186,null,null,null,null,null,null,null,null,null,null,null,null
2816,6.07657,151,null,null,null,null,null,null,null,null,null,null,null,null
2817,6.07680,145,null,null,null,null,null,null,null,null,null,null,null,null
2818,6.07696,122,null,null,null,null,null,null,null,null,null,null,null,null
2819,6.07709,66,null,null,null,null,null,null,null,null,null,null,null,null
2820,6.07722,33,null,null,null,null,null,null,null,null,null,null,null,null
2821,6.07760,66,null,null,null,null,null,null,null,null,null,null,null,null
2822,6.07775,123,null,null,null,null,null,null,null,null,null,null,null,null
2823,6.07788,146,null,null,null,null,null,null,null,null,null,null,null,null
2824,6.07801,117,null,null,null,null,null,null,null,null,null,null,null,null
2825,6.07813,112,null,null,null,null,null,null,null,null,null,null,null,null
2826,6.07826,139,null,null,null,null,null,null,null,null,null,null,null,null
2827,6.07838,160,null,null,null,null,null,null,null,null,null,null,null,null
2828,6.07852,162,null,null,null,null,null,null,null,null,null,null,null,null
2829,6.11976,182,null,null,null,null,null,null,null,null,null,null,null,null
2830,6.12031,228,null,null,null,null,null,null,null,null,null,null,null,null
2831,6.12067,252,null,null,null,null,null,null,null,null,null,null,null,null
2832,6.12090,249,null,null,null,null,null,null,null,null,null,null,null,null
2833,6.12107,256,null,null,null,null,null,null,null,null,null,null,null,null
2834,6.12126,272,null,null,null,null,null,null,null,null,null,null,null,null
2835,6.12144,278,null,null,null,null,null,null,null,null,null,null,null,null
2836,6.12158,263,null,null,null,null,null,null,null,null,null,null,null,null
2837,6.12172,214,null,null,null,null,null,null,null,null,null,null,null,null
2838,6.12186,183,null,null,null,null,null,null,null,null,null,null,null,null
2839,6.12199,196,null,null,null,null,null,null,null,null,null,null,null,null
2840,6.12215,194,null,null,null,null,null,null,null,null,null,null,null,null
2841,6.12231,144,null,null,null,null,null,null,null,null,null,null,null,null
2842,6.12254,91,null,null,null,null,null,null,null,null,null,null,null,null
2843,6.12271,76,null,null,null,null,null,null,null,null,null,null,null,null
2844,6.12288,87,null,null,null,null,null,null,null,null,null,null,null,null
2845,6.12306,87,null,null,null,null,null,null,null,null,null,null,null,null
2846,6.12321,97,null,null,null,null,null,null,null,null,null,null,null,null
2847,6.12334,108,null,null,null,null,null,null,null,null,null,null,null,null
2848,6.14289,101,null,null,null,null,null,null,null,null,null,null,null,null
2849,6.14315,77,null,null,null,null,null,null,null,null,null,null,null,null
2850,6.14338,null,53,70,994136,80997,57752,62607,28519,45267,30168,10212,0,null
2851,6.14367,72,null,null,null,null,null,null,null,null,null,null,null,null
2852,6.14383,97,null,null,null,null,null,null,null,null,null,null,null,null
2853,6.14397,112,null,null,null,null,null,null,null,null,null,null,null,null
2854,6.14410,88,null,null,null,null,null,null,null,null,null,null,null,null
2855,6.14423,58,null,null,null,null,null,null,null,null,null,null,null,null
2856,6.14438,42,null,null,null,null,null,null,null,null,null,null,null,null
2857,6.14451,40,null,null,null,null,null,null,null,null,null,null,null,null
2858,6.14469,51,null,null,null,null,null,null,null,null,null,null,null,null
2859,6.14496,49,null,null,null,null,null,null,null,null,null,null,null,null
2860,6.14513,41,null,null,null,null,null,null,null,null,null,null,null,null
2861,6.14526,50,null,null,null,null,null,null,null,null,null,null,null,null
2862,6.14540,68,null,null,null,null,null,null,null,null,null,null,null,null
2863,6.14555,76,null,null,null,null,null,null,null,null,null,null,null,null
2864,6.18737,76,null,null,null,null,null,null,null,null,null,null,null,null
2865,6.18763,86,null,null,null,null,null,null,null,null,null,null,null,null
2866,6.18803,107,null,null,null,null,null,null,null,null,null,null,null,null
2867,6.18829,104,null,null,null,null,null,null,null,null,null,null,null,null
2868,6.18871,76,null,null,null,null,null,null,null,null,null,null,null,null
2869,6.19455,72,null,null,null,null,null,null,null,null,null,null,null,null
2870,6.19494,108,null,null,null,null,null,null,null,null,null,null,null,null
2871,6.19526,137,null,null,null,null,null,null,null,null,null,null,null,null
2872,6.19548,118,null,null,null,null,null,null,null,null,null,null,null,null
2873,6.19564,81,null,null,null,null,null,null,null,null,null,null,null,null
2874,6.19579,71,null,null,null,null,null,null,null,null,null,null,null,null
2875,6.19593,85,null,null,null,null,null,null,null,null,null,null,null,null
2876,6.19606,84,null,null,null,null,null,null,null,null,null,null,null,null
2877,6.19622,85,null,null,null,null,null,null,null,null,null,null,null,null
2878,6.19648,101,null,null,null,null,null,null,null,null,null,null,null,null
2879,6.19662,105,null,null,null,null,null,null,null,null,null,null,null,null
2880,6.19682,87,null,null,null,null,null,null,null,null,null,null,null,null
2881,6.19697,66,null,null,null,null,null,null,null,null,null,null,null,null
2882,6.19710,60,null,null,null,null,null,null,null,null,null,null,null,null
2883,6.19890,68,null,null,null,null,null,null,null,null,null,null,null,null
2884,6.21001,58,null,null,null,null,null,null,null,null,null,null,null,null
2885,6.21036,40,null,null,null,null,null,null,null,null,null,null,null,null
2886,6.21075,35,null,null,null,null,null,null,null,null,null,null,null,null
2887,6.21121,37,null,null,null,null,null,null,null,null,null,null,null,null
2888,6.21153,22,null,null,null,null,null,null,null,null,null,null,null,null
2889,6.21200,0,null,null,null,null,null,null,null,null,null,null,null,null
2890,6.21220,-2,null,null,null,null,null,null,null,null,null,null,null,null
2891,6.21235,35,null,null,null,null,null,null,null,null,null,null,null,null
2892,6.21248,60,null,null,null,null,null,null,null,null,null,null,null,null
2893,6.21268,51,null,null,null,null,null,null,null,null,null,null,null,null
2894,6.21284,44,null,null,null,null,null,null,null,null,null,null,null,null
2895,6.21300,72,null,null,null,null,null,null,null,null,null,null,null,null
2896,6.21321,70,null,null,null,null,null,null,null,null,null,null,null,null
2897,6.21343,35,null,null,null,null,null,null,null,null,null,null,null,null
2898,6.21358,32,null,null,null,null,null,null,null,null,null,null,null,null
2899,6.21371,73,null,null,null,null,null,null,null,null,null,null,null,null
2900,6.21382,90,null,null,null,null,null,null,null,null,null,null,null,null
2901,6.21395,60,null,null,null,null,null,null,null,null,null,null,null,null
2902,6.21413,40,null,null,null,null,null,null,null,null,null,null,null,null
2903,6.21432,39,null,null,null,null,null,null,null,null,null,null,null,null
2904,6.25474,37,null,null,null,null,null,null,null,null,null,null,null,null
2905,6.25499,22,null,null,null,null,null,null,null,null,null,null,null,null
2906,6.25529,3,null,null,null,null,null,null,null,null,null,null,null,null
2907,6.25553,10,null,null,null,null,null,null,null,null,null,null,null,null
2908,6.25579,24,null,null,null,null,null,null,null,null,null,null,null,null
2909,6.25595,8,null,null,null,null,null,null,null,null,null,null,null,null
2910,6.25609,-26,null,null,null,null,null,null,null,null,null,null,null,null
2911,6.25630,-45,null,null,null,null,null,null,null,null,null,null,null,null
2912,6.25647,-28,null,null,null,null,null,null,null,null,null,null,null,null
2913,6.25662,-12,null,null,null,null,null,null,null,null,null,null,null,null
2914,6.25712,-22,null,null,null,null,null,null,null,null,null,null,null,null
2915,6.25762,-34,null,null,null,null,null,null,null,null,null,null,null,null
2916,6.25792,-33,null,null,null,null,null,null,null,null,null,null,null,null
2917,6.25807,-49,null,null,null,null,null,null,null,null,null,null,null,null
2918,6.25822,-102,null,null,null,null,null,null,null,null,null,null,null,null
2919,6.25836,-131,null,null,null,null,null,null,null,null,null,null,null,null
2920,6.25848,-87,null,null,null,null,null,null,null,null,null,null,null,null
2921,6.25864,-35,null,null,null,null,null,null,null,null,null,null,null,null
2922,6.25879,-39,null,null,null,null,null,null,null,null,null,null,null,null
2923,6.30051,-98,null,null,null,null,null,null,null,null,null,null,null,null
2924,6.30085,-121,null,null,null,null,null,null,null,null,null,null,null,null
2925,6.30185,-97,null,null,null,null,null,null,null,null,null,null,null,null
2926,6.30219,-87,null,null,null,null,null,null,null,null,null,null,null,null
2927,6.30249,-106,null,null,null,null,null,null,null,null,null,null,null,null
2928,6.30283,-116,null,null,null,null,null,null,null,null,null,null,null,null
2929,6.30302,-103,null,null,null,null,null,null,null,null,null,null,null,null
2930,6.30317,-81,null,null,null,null,null,null,null,null,null,null,null,null
2931,6.30330,-105,null,null,null,null,null,null,null,null,null,null,null,null
2932,6.30347,-155,null,null,null,null,null,null,null,null,null,null,null,null
2933,6.30367,-173,null,null,null,null,null,null,null,null,null,null,null,null
2934,6.30384,-137,null,null,null,null,null,null,null,null,null,null,null,null
2935,6.30405,-91,null,null,null,null,null,null,null,null,null,null,null,null
2936,6.30434,-72,null,null,null,null,null,null,null,null,null,null,null,null
2937,6.30450,-53,null,null,null,null,null,null,null,null,null,null,null,null
2938,6.30470,-25,null,null,null,null,null,null,null,null,null,null,null,null
2939,6.30596,22,null,null,null,null,null,null,null,null,null,null,null,null
2940,6.30642,70,null,null,null,null,null,null,null,null,null,null,null,null
2941,6.30656,92,null,null,null,null,null,null,null,null,null,null,null,null
2942,6.30668,113,null,null,null,null,null,null,null,null,null,null,null,null
2943,6.34497,120,null,null,null,null,null,null,null,null,null,null,null,null
2944,6.34529,108,null,null,null,null,null,null,null,null,null,null,null,null
2945,6.34561,116,null,null,null,null,null,null,null,null,null,null,null,null
2946,6.34590,138,null,null,null,null,null,null,null,null,null,null,null,null
2947,6.34610,140,null,null,null,null,null,null,null,null,null,null,null,null
2948,6.34624,116,null,null,null,null,null,null,null,null,null,null,null,null
2949,6.34638,115,null,null,null,null,null,null,null,null,null,null,null,null
2950,6.34660,154,null,null,null,null,null,null,null,null,null,null,null,null
2951,6.34675,183,null,null,null,null,null,null,null,null,null,null,null,null
2952,6.34689,156,null,null,null,null,null,null,null,null,null,null,null,null
2953,6.34704,109,null,null,null,null,null,null,null,null,null,null,null,null
2954,6.34718,99,null,null,null,null,null,null,null,null,null,null,null,null
2955,6.34732,119,null,null,null,null,null,null,null,null,null,null,null,null
2956,6.34774,116,null,null,null,null,null,null,null,null,null,null,null,null
2957,6.34790,87,null,null,null,null,null,null,null,null,null,null,null,null
2958,6.34803,74,null,null,null,null,null,null,null,null,null,null,null,null
2959,6.34815,82,null,null,null,null,null,null,null,null,null,null,null,null
2960,6.34831,85,null,null,null,null,null,null,null,null,null,null,null,null
2961,6.34849,67,null,null,null,null,null,null,null,null,null,null,null,null
2962,6.39852,69,null,null,null,null,null,null,null,null,null,null,null,null
2963,6.39881,93,null,null,null,null,null,null,null,null,null,null,null,null
2964,6.40151,96,null,null,null,null,null,null,null,null,null,null,null,null
2965,6.40682,55,null,null,null,null,null,null,null,null,null,null,null,null
2966,6.40921,5,null,null,null,null,null,null,null,null,null,null,null,null
2967,6.41605,-7,null,null,null,null,null,null,null,null,null,null,null,null
2968,6.41936,7,null,null,null,null,null,null,null,null,null,null,null,null
2969,6.41991,-9,null,null,null,null,null,null,null,null,null,null,null,null
2970,6.42018,-57,null,null,null,null,null,null,null,null,null,null,null,null
2971,6.42042,-82,null,null,null,null,null,null,null,null,null,null,null,null
2972,6.42056,-69,null,null,null,null,null,null,null,null,null,null,null,null
2973,6.42102,-44,null,null,null,null,null,null,null,null,null,null,null,null
2974,6.42155,-44,null,null,null,null,null,null,null,null,null,null,null,null
2975,6.42172,-69,null,null,null,null,null,null,null,null,null,null,null,null
2976,6.42188,-92,null,null,null,null,null,null,null,null,null,null,null,null
2977,6.42203,-93,null,null,null,null,null,null,null,null,null,null,null,null
2978,6.42217,-89,null,null,null,null,null,null,null,null,null,null,null,null
2979,6.42231,-101,null,null,null,null,null,null,null,null,null,null,null,null
2980,6.42470,-102,null,null,null,null,null,null,null,null,null,null,null,null
2981,6.42498,-101,null,null,null,null,null,null,null,null,null,null,null,null
2982,6.42551,-125,null,null,null,null,null,null,null,null,null,null,null,null
2983,6.42568,-165,null,null,null,null,null,null,null,null,null,null,null,null
2984,6.42594,-170,null,null,null,null,null,null,null,null,null,null,null,null
2985,6.42618,-145,null,null,null,null,null,null,null,null,null,null,null,null
2986,6.42642,-120,null,null,null,null,null,null,null,null,null,null,null,null
2987,6.42668,-117,null,null,null,null,null,null,null,null,null,null,null,null
2988,6.42704,-102,null,null,null,null,null,null,null,null,null,null,null,null
2989,6.42738,-42,null,null,null,null,null,null,null,null,null,null,null,null
2990,6.42778,9,null,null,null,null,null,null,null,null,null,null,null,null
2991,6.42818,28,null,null,null,null,null,null,null,null,null,null,null,null
2992,6.42848,39,null,null,null,null,null,null,null,null,null,null,null,null
2993,6.42921,83,null,null,null,null,null,null,null,null,null,null,null,null
2994,6.42939,133,null,null,null,null,null,null,null,null,null,null,null,null
2995,6.42956,165,null,null,null,null,null,null,null,null,null,null,null,null
2996,6.42976,201,null,null,null,null,null,null,null,null,null,null,null,null
2997,6.42997,249,null,null,null,null,null,null,null,null,null,null,null,null
2998,6.43010,290,null,null,null,null,null,null,null,null,null,null,null,null
2999,6.43029,283,null,null,null,null,null,null,null,null,null,null,null,null
3000,6.43045,257,null,null,null,null,null,null,null,null,null,null,null,null
3001,6.43061,269,null,null,null,null,null,null,null,null,null,null,null,null
3002,6.45757,312,null,null,null,null,null,null,null,null,null,null,null,null
3003,6.45790,331,null,null,null,null,null,null,null,null,null,null,null,null
3004,6.45819,306,null,null,null,null,null,null,null,null,null,null,null,null
3005,6.45846,290,null,null,null,null,null,null,null,null,null,null,null,null
3006,6.45883,307,null,null,null,null,null,null,null,null,null,null,null,null
3007,6.45899,329,null,null,null,null,null,null,null,null,null,null,null,null
3008,6.45915,323,null,null,null,null,null,null,null,null,null,null,null,null
3009,6.45948,292,null,null,null,null,null,null,null,null,null,null,null,null
3010,6.45972,285,null,null,null,null,null,null,null,null,null,null,null,null
3011,6.45992,294,null,null,null,null,null,null,null,null,null,null,null,null
3012,6.46011,259,null,null,null,null,null,null,null,null,null,null,null,null
3013,6.46026,178,null,null,null,null,null,null,null,null,null,null,null,null
3014,6.46042,112,null,null,null,null,null,null,null,null,null,null,null,null
3015,6.46059,82,null,null,null,null,null,null,null,null,null,null,null,null
3016,6.46080,33,null,null,null,null,null,null,null,null,null,null,null,null
3017,6.46102,-51,null,null,null,null,null,null,null,null,null,null,null,null
3018,6.46115,-117,null,null,null,null,null,null,null,null,null,null,null,null
3019,6.46126,-155,null,null,null,null,null,null,null,null,null,null,null,null
3020,6.46139,-178,null,null,null,null,null,null,null,null,null,null,null,null
3021,6.47975,-211,null,null,null,null,null,null,null,null,null,null,null,null
3022,6.48003,-246,null,null,null,null,null,null,null,null,null,null,null,null
3023,6.48038,-241,null,null,null,null,null,null,null,null,null,null,null,null
3024,6.48066,-199,null,null,null,null,null,null,null,null,null,null,null,null
3025,6.48101,-170,null,null,null,null,null,null,null,null,null,null,null,null
3026,6.48127,-145,null,null,null,null,null,null,null,null,null,null,null,null
3027,6.48144,-110,null,null,null,null,null,null,null,null,null,null,null,null
3028,6.48163,-90,null,null,null,null,null,null,null,null,null,null,null,null
3029,6.48188,-101,null,null,null,null,null,null,null,null,null,null,null,null
3030,6.48205,-141,null,null,null,null,null,null,null,null,null,null,null,null
3031,6.48221,-161,null,null,null,null,null,null,null,null,null,null,null,null
3032,6.48237,-126,null,null,null,null,null,null,null,null,null,null,null,null
3033,6.48251,-57,null,null,null,null,null,null,null,null,null,null,null,null
3034,6.48263,3,null,null,null,null,null,null,null,null,null,null,null,null
3035,6.48279,19,null,null,null,null,null,null,null,null,null,null,null,null
3036,6.48307,17,null,null,null,null,null,null,null,null,null,null,null,null
3037,6.48327,32,null,null,null,null,null,null,null,null,null,null,null,null
3038,6.48341,33,null,null,null,null,null,null,null,null,null,null,null,null
3039,6.48353,42,null,null,null,null,null,null,null,null,null,null,null,null
3040,6.48365,74,null,null,null,null,null,null,null,null,null,null,null,null
3041,6.52480,119,null,null,null,null,null,null,null,null,null,null,null,null
3042,6.52506,140,null,null,null,null,null,null,null,null,null,null,null,null
3043,6.52536,138,null,null,null,null,null,null,null,null,null,null,null,null
3044,6.52561,141,null,null,null,null,null,null,null,null,null,null,null,null
3045,6.52587,169,null,null,null,null,null,null,null,null,null,null,null,null
3046,6.52604,196,null,null,null,null,null,null,null,null,null,null,null,null
3047,6.52617,187,null,null,null,null,null,null,null,null,null,null,null,null
3048,6.52632,185,null,null,null,null,null,null,null,null,null,null,null,null
3049,6.52654,188,null,null,null,null,null,null,null,null,null,null,null,null
3050,6.52670,172,null,null,null,null,null,null,null,null,null,null,null,null
3051,6.52688,148,null,null,null,null,null,null,null,null,null,null,null,null
3052,6.52708,140,null,null,null,null,null,null,null,null,null,null,null,null
3053,6.52729,163,null,null,null,null,null,null,null,null,null,null,null,null
3054,6.52744,181,null,null,null,null,null,null,null,null,null,null,null,null
3055,6.52765,183,null,null,null,null,null,null,null,null,null,null,null,null
3056,6.52781,184,null,null,null,null,null,null,null,null,null,null,null,null
3057,6.52795,199,null,null,null,null,null,null,null,null,null,null,null,null
3058,6.52808,201,null,null,null,null,null,null,null,null,null,null,null,null
3059,6.52851,172,null,null,null,null,null,null,null,null,null,null,null,null
3060,6.52866,128,null,null,null,null,null,null,null,null,null,null,null,null
3061,6.56932,102,null,null,null,null,null,null,null,null,null,null,null,null
3062,6.56972,98,null,null,null,null,null,null,null,null,null,null,null,null
3063,6.57044,66,null,null,null,null,null,null,null,null,null,null,null,null
3064,6.57095,13,null,null,null,null,null,null,null,null,null,null,null,null
3065,6.57120,-11,null,null,null,null,null,null,null,null,null,null,null,null
3066,6.57143,0,null,null,null,null,null,null,null,null,null,null,null,null
3067,6.57166,22,null,null,null,null,null,null,null,null,null,null,null,null
3068,6.57195,22,null,null,null,null,null,null,null,null,null,null,null,null
3069,6.57233,4,null,null,null,null,null,null,null,null,null,null,null,null
3070,6.57258,-13,null,null,null,null,null,null,null,null,null,null,null,null
3071,6.57286,-23,null,null,null,null,null,null,null,null,null,null,null,null
3072,6.57301,-34,null,null,null,null,null,null,null,null,null,null,null,null
3073,6.57323,-25,null,null,null,null,null,null,null,null,null,null,null,null
3074,6.57337,16,null,null,null,null,null,null,null,null,null,null,null,null
3075,6.57350,48,null,null,null,null,null,null,null,null,null,null,null,null
3076,6.57367,54,null,null,null,null,null,null,null,null,null,null,null,null
3077,6.57384,39,null,null,null,null,null,null,null,null,null,null,null,null
3078,6.57405,50,null,null,null,null,null,null,null,null,null,null,null,null
3079,6.57426,84,null,null,null,null,null,null,null,null,null,null,null,null
3080,6.59159,102,null,null,null,null,null,null,null,null,null,null,null,null
3081,6.59183,114,null,null,null,null,null,null,null,null,null,null,null,null
3082,6.59259,133,null,null,null,null,null,null,null,null,null,null,null,null
3083,6.59327,162,null,null,null,null,null,null,null,null,null,null,null,null
3084,6.59369,186,null,null,null,null,null,null,null,null,null,null,null,null
3085,6.59384,218,null,null,null,null,null,null,null,null,null,null,null,null
3086,6.59398,261,null,null,null,null,null,null,null,null,null,null,null,null
3087,6.59411,293,null,null,null,null,null,null,null,null,null,null,null,null
3088,6.59425,288,null,null,null,null,null,null,null,null,null,null,null,null
3089,6.59437,235,null,null,null,null,null,null,null,null,null,null,null,null
3090,6.59450,220,null,null,null,null,null,null,null,null,null,null,null,null
3091,6.59463,266,null,null,null,null,null,null,null,null,null,null,null,null
3092,6.59475,304,null,null,null,null,null,null,null,null,null,null,null,null
3093,6.59488,288,null,null,null,null,null,null,null,null,null,null,null,null
3094,6.59500,252,null,null,null,null,null,null,null,null,null,null,null,null
3095,6.59516,246,null,null,null,null,null,null,null,null,null,null,null,null
3096,6.59532,260,null,null,null,null,null,null,null,null,null,null,null,null
3097,6.59545,263,null,null,null,null,null,null,null,null,null,null,null,null
3098,6.59559,259,null,null,null,null,null,null,null,null,null,null,null,null
3099,6.59574,268,null,null,null,null,null,null,null,null,null,null,null,null
3100,6.64523,282,null,null,null,null,null,null,null,null,null,null,null,null
3101,6.64556,268,null,null,null,null,null,null,null,null,null,null,null,null
3102,6.64605,221,null,null,null,null,null,null,null,null,null,null,null,null
3103,6.64676,180,null,null,null,null,null,null,null,null,null,null,null,null
3104,6.64754,152,null,null,null,null,null,null,null,null,null,null,null,null
3105,6.64773,132,null,null,null,null,null,null,null,null,null,null,null,null
3106,6.64786,98,null,null,null,null,null,null,null,null,null,null,null,null
3107,6.64799,64,null,null,null,null,null,null,null,null,null,null,null,null
3108,6.64817,58,null,null,null,null,null,null,null,null,null,null,null,null
3109,6.64834,68,null,null,null,null,null,null,null,null,null,null,null,null
3110,6.64851,41,null,null,null,null,null,null,null,null,null,null,null,null
3111,6.64866,-4,null,null,null,null,null,null,null,null,null,null,null,null
3112,6.64880,-26,null,null,null,null,null,null,null,null,null,null,null,null
3113,6.64902,-27,null,null,null,null,null,null,null,null,null,null,null,null
3114,6.64917,-34,null,null,null,null,null,null,null,null,null,null,null,null
3115,6.64934,-45,null,null,null,null,null,null,null,null,null,null,null,null
3116,6.64947,-38,null,null,null,null,null,null,null,null,null,null,null,null
3117,6.64958,-10,null,null,null,null,null,null,null,null,null,null,null,null
3118,6.64973,3,null,null,null,null,null,null,null,null,null,null,null,null
3119,6.68233,20,null,null,null,null,null,null,null,null,null,null,null,null
3120,6.68278,56,null,null,null,null,null,null,null,null,null,null,null,null
3121,6.68323,98,null,null,null,null,null,null,null,null,null,null,null,null
3122,6.68363,115,null,null,null,null,null,null,null,null,null,null,null,null
3123,6.68386,118,null,null,null,null,null,null,null,null,null,null,null,null
3124,6.68404,148,null,null,null,null,null,null,null,null,null,null,null,null
3125,6.68420,188,null,null,null,null,null,null,null,null,null,null,null,null
3126,6.68444,199,null,null,null,null,null,null,null,null,null,null,null,null
3127,6.68464,173,null,null,null,null,null,null,null,null,null,null,null,null
3128,6.68481,147,null,null,null,null,null,null,null,null,null,null,null,null
3129,6.68501,164,null,null,null,null,null,null,null,null,null,null,null,null
3130,6.68517,226,null,null,null,null,null,null,null,null,null,null,null,null
3131,6.68530,268,null,null,null,null,null,null,null,null,null,null,null,null
3132,6.68544,224,null,null,null,null,null,null,null,null,null,null,null,null
3133,6.68563,144,null,null,null,null,null,null,null,null,null,null,null,null
3134,6.68581,112,null,null,null,null,null,null,null,null,null,null,null,null
3135,6.68596,115,null,null,null,null,null,null,null,null,null,null,null,null
3136,6.68614,100,null,null,null,null,null,null,null,null,null,null,null,null
3137,6.68630,64,null,null,null,null,null,null,null,null,null,null,null,null
3138,6.68650,59,null,null,null,null,null,null,null,null,null,null,null,null
3139,6.72737,67,null,null,null,null,null,null,null,null,null,null,null,null
3140,6.72766,44,null,null,null,null,null,null,null,null,null,null,null,null
3141,6.72793,23,null,null,null,null,null,null,null,null,null,null,null,null
3142,6.72819,35,null,null,null,null,null,null,null,null,null,null,null,null
3143,6.72844,68,null,null,null,null,null,null,null,null,null,null,null,null
3144,6.72859,77,null,null,null,null,null,null,null,null,null,null,null,null
3145,6.72877,50,null,null,null,null,null,null,null,null,null,null,null,null
3146,6.72896,33,null,null,null,null,null,null,null,null,null,null,null,null
3147,6.72914,54,null,null,null,null,null,null,null,null,null,null,null,null
3148,6.72929,65,null,null,null,null,null,null,null,null,null,null,null,null
3149,6.72941,60,null,null,null,null,null,null,null,null,null,null,null,null
3150,6.72954,71,null,null,null,null,null,null,null,null,null,null,null,null
3151,6.72970,83,null,null,null,null,null,null,null,null,null,null,null,null
3152,6.72990,71,null,null,null,null,null,null,null,null,null,null,null,null
3153,6.73008,43,null,null,null,null,null,null,null,null,null,null,null,null
3154,6.73026,27,null,null,null,null,null,null,null,null,null,null,null,null
3155,6.73054,26,null,null,null,null,null,null,null,null,null,null,null,null
3156,6.73069,35,null,null,null,null,null,null,null,null,null,null,null,null
3157,6.73084,35,null,null,null,null,null,null,null,null,null,null,null,null
3158,6.73103,11,null,null,null,null,null,null,null,null,null,null,null,null
3159,6.75047,9,null,null,null,null,null,null,null,null,null,null,null,null
3160,6.75157,13,null,null,null,null,null,null,null,null,null,null,null,null
3161,6.75258,-5,null,null,null,null,null,null,null,null,null,null,null,null
3162,6.75309,-54,null,null,null,null,null,null,null,null,null,null,null,null
3163,6.75382,-74,null,null,null,null,null,null,null,null,null,null,null,null
3164,6.75406,-60,null,null,null,null,null,null,null,null,null,null,null,null
3165,6.75450,-43,null,null,null,null,null,null,null,null,null,null,null,null
3166,6.75515,-41,null,null,null,null,null,null,null,null,null,null,null,null
3167,6.75552,-49,null,null,null,null,null,null,null,null,null,null,null,null
3168,6.75576,-52,null,null,null,null,null,null,null,null,null,null,null,null
3169,6.75600,-54,null,null,null,null,null,null,null,null,null,null,null,null
3170,6.75625,-61,null,null,null,null,null,null,null,null,null,null,null,null
3171,6.75654,-74,null,null,null,null,null,null,null,null,null,null,null,null
3172,6.75673,-68,null,null,null,null,null,null,null,null,null,null,null,null
3173,6.75687,-54,null,null,null,null,null,null,null,null,null,null,null,null
3174,6.75704,-65,null,null,null,null,null,null,null,null,null,null,null,null
3175,6.75719,-89,null,null,null,null,null,null,null,null,null,null,null,null
3176,6.75756,-98,null,null,null,null,null,null,null,null,null,null,null,null
3177,6.75771,-81,null,null,null,null,null,null,null,null,null,null,null,null
3178,6.79492,-59,null,null,null,null,null,null,null,null,null,null,null,null
3179,6.79524,-61,null,null,null,null,null,null,null,null,null,null,null,null
3180,6.79573,-67,null,null,null,null,null,null,null,null,null,null,null,null
3181,6.79603,-65,null,null,null,null,null,null,null,null,null,null,null,null
3182,6.79631,-62,null,null,null,null,null,null,null,null,null,null,null,null
3183,6.79660,-83,null,null,null,null,null,null,null,null,null,null,null,null
3184,6.79682,-89,null,null,null,null,null,null,null,null,null,null,null,null
3185,6.79699,-68,null,null,null,null,null,null,null,null,null,null,null,null
3186,6.79712,-35,null,null,null,null,null,null,null,null,null,null,null,null
3187,6.79726,-6,null,null,null,null,null,null,null,null,null,null,null,null
3188,6.79739,18,null,null,null,null,null,null,null,null,null,null,null,null
3189,6.79753,44,null,null,null,null,null,null,null,null,null,null,null,null
3190,6.79770,64,null,null,null,null,null,null,null,null,null,null,null,null
3191,6.79806,52,null,null,null,null,null,null,null,null,null,null,null,null
3192,6.79822,49,null,null,null,null,null,null,null,null,null,null,null,null
3193,6.79834,61,null,null,null,null,null,null,null,null,null,null,null,null
3194,6.79846,98,null,null,null,null,null,null,null,null,null,null,null,null
3195,6.79863,129,null,null,null,null,null,null,null,null,null,null,null,null
3196,6.79885,132,null,null,null,null,null,null,null,null,null,null,null,null
3197,6.79900,146,null,null,null,null,null,null,null,null,null,null,null,null
3198,6.85590,171,null,null,null,null,null,null,null,null,null,null,null,null
3199,6.85618,169,null,null,null,null,null,null,null,null,null,null,null,null
3200,6.86061,139,null,null,null,null,null,null,null,null,null,null,null,null
3201,6.86204,131,null,null,null,null,null,null,null,null,null,null,null,null
3202,6.86537,154,null,null,null,null,null,null,null,null,null,null,null,null
3203,6.86816,171,null,null,null,null,null,null,null,null,null,null,null,null
3204,6.87006,147,null,null,null,null,null,null,null,null,null,null,null,null
3205,6.87272,112,null,null,null,null,null,null,null,null,null,null,null,null
3206,6.87369,100,null,null,null,null,null,null,null,null,null,null,null,null
3207,6.87387,113,null,null,null,null,null,null,null,null,null,null,null,null
3208,6.87400,114,null,null,null,null,null,null,null,null,null,null,null,null
3209,6.87562,103,null,null,null,null,null,null,null,null,null,null,null,null
3210,6.87578,103,null,null,null,null,null,null,null,null,null,null,null,null
3211,6.87611,115,null,null,null,null,null,null,null,null,null,null,null,null
3212,6.87626,98,null,null,null,null,null,null,null,null,null,null,null,null
3213,6.87639,40,null,null,null,null,null,null,null,null,null,null,null,null
3214,6.87654,2,null,null,null,null,null,null,null,null,null,null,null,null
3215,6.87666,-8,null,null,null,null,null,null,null,null,null,null,null,null
3216,6.87681,-9,null,null,null,null,null,null,null,null,null,null,null,null
3217,6.87692,-17,null,null,null,null,null,null,null,null,null,null,null,null
3218,6.87738,-8,null,null,null,null,null,null,null,null,null,null,null,null
3219,6.87752,24,null,null,null,null,null,null,null,null,null,null,null,null
3220,6.87774,42,null,null,null,null,null,null,null,null,null,null,null,null
3221,6.87795,42,null,null,null,null,null,null,null,null,null,null,null,null
3222,6.87814,35,null,null,null,null,null,null,null,null,null,null,null,null
3223,6.87830,10,null,null,null,null,null,null,null,null,null,null,null,null
3224,6.87866,-5,null,null,null,null,null,null,null,null,null,null,null,null
3225,6.87889,-8,null,null,null,null,null,null,null,null,null,null,null,null
3226,6.87903,-25,null,null,null,null,null,null,null,null,null,null,null,null
3227,6.87915,-43,null,null,null,null,null,null,null,null,null,null,null,null
3228,6.87932,-26,null,null,null,null,null,null,null,null,null,null,null,null
3229,6.87948,-6,null,null,null,null,null,null,null,null,null,null,null,null
3230,6.87962,-10,null,null,null,null,null,null,null,null,null,null,null,null
3231,6.87975,-9,null,null,null,null,null,null,null,null,null,null,null,null
3232,6.87991,22,null,null,null,null,null,null,null,null,null,null,null,null
3233,6.88004,73,null,null,null,null,null,null,null,null,null,null,null,null
3234,6.88019,109,null,null,null,null,null,null,null,null,null,null,null,null
3235,6.88034,115,null,null,null,null,null,null,null,null,null,null,null,null
3236,6.88048,120,null,null,null,null,null,null,null,null,null,null,null,null
3237,6.90672,133,null,null,null,null,null,null,null,null,null,null,null,null
3238,6.90699,137,null,null,null,null,null,null,null,null,null,null,null,null
3239,6.90730,146,null,null,null,null,null,null,null,null,null,null,null,null
3240,6.91183,148,null,null,null,null,null,null,null,null,null,null,null,null
3241,6.92031,147,null,null,null,null,null,null,null,null,null,null,null,null
3242,6.92051,137,null,null,null,null,null,null,null,null,null,null,null,null
3243,6.92078,117,null,null,null,null,null,null,null,null,null,null,null,null
3244,6.92132,108,null,null,null,null,null,null,null,null,null,null,null,null
3245,6.92149,115,null,null,null,null,null,null,null,null,null,null,null,null
3246,6.92164,105,null,null,null,null,null,null,null,null,null,null,null,null
3247,6.92177,69,null,null,null,null,null,null,null,null,null,null,null,null
3248,6.92190,42,null,null,null,null,null,null,null,null,null,null,null,null
3249,6.92203,50,null,null,null,null,null,null,null,null,null,null,null,null
3250,6.92247,55,null,null,null,null,null,null,null,null,null,null,null,null
3251,6.92264,39,null,null,null,null,null,null,null,null,null,null,null,null
3252,6.92277,19,null,null,null,null,null,null,null,null,null,null,null,null
3253,6.92311,9,null,null,null,null,null,null,null,null,null,null,null,null
3254,6.92325,10,null,null,null,null,null,null,null,null,null,null,null,null
3255,6.92336,6,null,null,null,null,null,null,null,null,null,null,null,null
3256,6.92368,-13,null,null,null,null,null,null,null,null,null,null,null,null
3257,6.95231,-51,null,null,null,null,null,null,null,null,null,null,null,null
3258,6.95261,-56,null,null,null,null,null,null,null,null,null,null,null,null
3259,6.95306,-49,null,null,null,null,null,null,null,null,null,null,null,null
3260,6.95352,-52,null,null,null,null,null,null,null,null,null,null,null,null
3261,6.95397,-39,null,null,null,null,null,null,null,null,null,null,null,null
3262,6.95412,-40,null,null,null,null,null,null,null,null,null,null,null,null
3263,6.95427,-57,null,null,null,null,null,null,null,null,null,null,null,null
3264,6.95440,-86,null,null,null,null,null,null,null,null,null,null,null,null
3265,6.95457,-113,null,null,null,null,null,null,null,null,null,null,null,null
3266,6.95470,-115,null,null,null,null,null,null,null,null,null,null,null,null
3267,6.95487,-98,null,null,null,null,null,null,null,null,null,null,null,null
3268,6.95507,-113,null,null,null,null,null,null,null,null,null,null,null,null
3269,6.95522,-134,null,null,null,null,null,null,null,null,null,null,null,null
3270,6.95538,-114,null,null,null,null,null,null,null,null,null,null,null,null
3271,6.95558,-107,null,null,null,null,null,null,null,null,null,null,null,null
3272,6.95575,-123,null,null,null,null,null,null,null,null,null,null,null,null
3273,6.95588,-119,null,null,null,null,null,null,null,null,null,null,null,null
3274,6.95605,-107,null,null,null,null,null,null,null,null,null,null,null,null
3275,6.95621,-99,null,null,null,null,null,null,null,null,null,null,null,null
3276,6.99724,-106,null,null,null,null,null,null,null,null,null,null,null,null
3277,6.99758,-134,null,null,null,null,null,null,null,null,null,null,null,null
3278,6.99797,-130,null,null,null,null,null,null,null,null,null,null,null,null
3279,6.99905,-100,null,null,null,null,null,null,null,null,null,null,null,null
3280,6.99948,-81,null,null,null,null,null,null,null,null,null,null,null,null
3281,6.99972,-74,null,null,null,null,null,null,null,null,null,null,null,null
3282,7.00000,-70,null,null,null,null,null,null,null,null,null,null,null,null
3283,7.00021,-53,null,null,null,null,null,null,null,null,null,null,null,null
3284,7.00043,-27,null,null,null,null,null,null,null,null,null,null,null,null
3285,7.00067,-12,null,null,null,null,null,null,null,null,null,null,null,null
3286,7.00083,-1,null,null,null,null,null,null,null,null,null,null,null,null
3287,7.00097,27,null,null,null,null,null,null,null,null,null,null,null,null
3288,7.00122,55,null,null,null,null,null,null,null,null,null,null,null,null
3289,7.00154,60,null,null,null,null,null,null,null,null,null,null,null,null
3290,7.00170,66,null,null,null,null,null,null,null,null,null,null,null,null
3291,7.00207,101,null,null,null,null,null,null,null,null,null,null,null,null
3292,7.00229,154,null,null,null,null,null,null,null,null,null,null,null,null
3293,7.00245,152,null,null,null,null,null,null,null,null,null,null,null,null
3294,7.00258,102,null,null,null,null,null,null,null,null,null,null,null,null
3295,7.00283,82,null,null,null,null,null,null,null,null,null,null,null,null
3296,7.02002,105,null,null,null,null,null,null,null,null,null,null,null,null
3297,7.02060,150,null,null,null,null,null,null,null,null,null,null,null,null
3298,7.02093,165,null,null,null,null,null,null,null,null,null,null,null,null
3299,7.02122,148,null,null,null,null,null,null,null,null,null,null,null,null
3300,7.02146,153,null,null,null,null,null,null,null,null,null,null,null,null
3301,7.02171,184,null,null,null,null,null,null,null,null,null,null,null,null
3302,7.02191,216,null,null,null,null,null,null,null,null,null,null,null,null
3303,7.02214,215,null,null,null,null,null,null,null,null,null,null,null,null
3304,7.02240,225,null,null,null,null,null,null,null,null,null,null,null,null
3305,7.02255,234,null,null,null,null,null,null,null,null,null,null,null,null
3306,7.02271,217,null,null,null,null,null,null,null,null,null,null,null,null
3307,7.02333,160,null,null,null,null,null,null,null,null,null,null,null,null
3308,7.02359,93,null,null,null,null,null,null,null,null,null,null,null,null
3309,7.02371,80,null,null,null,null,null,null,null,null,null,null,null,null
3310,7.02383,72,null,null,null,null,null,null,null,null,null,null,null,null
3311,7.02425,58,null,null,null,null,null,null,null,null,null,null,null,null
3312,7.02443,57,null,null,null,null,null,null,null,null,null,null,null,null
3313,7.02463,74,null,null,null,null,null,null,null,null,null,null,null,null
3314,7.02481,97,null,null,null,null,null,null,null,null,null,null,null,null
3315,7.02500,99,null,null,null,null,null,null,null,null,null,null,null,null
3316,7.06443,72,null,null,null,null,null,null,null,null,null,null,null,null
3317,7.06494,34,null,null,null,null,null,null,null,null,null,null,null,null
3318,7.06554,11,null,null,null,null,null,null,null,null,null,null,null,null
3319,7.06606,-12,null,null,null,null,null,null,null,null,null,null,null,null
3320,7.06643,-35,null,null,null,null,null,null,null,null,null,null,null,null
3321,7.06660,-25,null,null,null,null,null,null,null,null,null,null,null,null
3322,7.06675,-18,null,null,null,null,null,null,null,null,null,null,null,null
3323,7.06689,-52,null,null,null,null,null,null,null,null,null,null,null,null
3324,7.06703,-92,null,null,null,null,null,null,null,null,null,null,null,null
3325,7.06717,-87,null,null,null,null,null,null,null,null,null,null,null,null
3326,7.06732,-42,null,null,null,null,null,null,null,null,null,null,null,null
3327,7.06747,-11,null,null,null,null,null,null,null,null,null,null,null,null
3328,7.06760,-29,null,null,null,null,null,null,null,null,null,null,null,null
3329,7.06788,-61,null,null,null,null,null,null,null,null,null,null,null,null
3330,7.06820,-37,null,null,null,null,null,null,null,null,null,null,null,null
3331,7.06863,11,null,null,null,null,null,null,null,null,null,null,null,null
3332,7.06881,38,null,null,null,null,null,null,null,null,null,null,null,null
3333,7.06896,42,null,null,null,null,null,null,null,null,null,null,null,null
3334,7.06921,66,null,null,null,null,null,null,null,null,null,null,null,null
3335,7.12338,104,null,null,null,null,null,null,null,null,null,null,null,null
3336,7.12366,106,null,null,null,null,null,null,null,null,null,null,null,null
3337,7.12906,68,null,null,null,null,null,null,null,null,null,null,null,null
3338,7.13360,64,null,null,null,null,null,null,null,null,null,null,null,null
3339,7.13719,97,null,null,null,null,null,null,null,null,null,null,null,null
3340,7.13789,132,null,null,null,null,null,null,null,null,null,null,null,null
3341,7.13811,139,null,null,null,null,null,null,null,null,null,null,null,null
3342,7.13868,144,null,null,null,null,null,null,null,null,null,null,null,null
3343,7.13901,161,null,null,null,null,null,null,null,null,null,null,null,null
3344,7.13919,178,null,null,null,null,null,null,null,null,null,null,null,null
3345,7.13967,176,null,null,null,null,null,null,null,null,null,null,null,null
3346,7.13985,166,null,null,null,null,null,null,null,null,null,null,null,null
3347,7.14011,173,null,null,null,null,null,null,null,null,null,null,null,null
3348,7.14042,195,null,null,null,null,null,null,null,null,null,null,null,null
3349,7.14058,194,null,null,null,null,null,null,null,null,null,null,null,null
3350,7.14071,170,null,null,null,null,null,null,null,null,null,null,null,null
3351,7.14089,182,null,null,null,null,null,null,null,null,null,null,null,null
3352,7.14127,215,null,null,null,null,null,null,null,null,null,null,null,null
3353,7.14147,218,null,null,null,null,null,null,null,null,null,null,null,null
3354,7.14164,173,null,null,null,null,null,null,null,null,null,null,null,null
3355,7.14267,150,null,null,null,null,null,null,null,null,null,null,null,null
3356,7.14318,151,null,null,null,null,null,null,null,null,null,null,null,null
3357,7.14350,149,null,null,null,null,null,null,null,null,null,null,null,null
3358,7.14372,148,null,null,null,null,null,null,null,null,null,null,null,null
3359,7.14395,134,null,null,null,null,null,null,null,null,null,null,null,null
3360,7.14409,121,null,null,null,null,null,null,null,null,null,null,null,null
3361,7.14425,120,null,null,null,null,null,null,null,null,null,null,null,null
3362,7.14443,118,null,null,null,null,null,null,null,null,null,null,null,null
3363,7.14461,null,27,75,596672,154083,55064,37062,11395,4704,3123,2495,0,null
3364,7.14483,114,null,null,null,null,null,null,null,null,null,null,null,null
3365,7.14501,106,null,null,null,null,null,null,null,null,null,null,null,null
3366,7.14520,88,null,null,null,null,null,null,null,null,null,null,null,null
3367,7.14535,55,null,null,null,null,null,null,null,null,null,null,null,null
3368,7.14550,16,null,null,null,null,null,null,null,null,null,null,null,null
3369,7.14569,-1,null,null,null,null,null,null,null,null,null,null,null,null
3370,7.14584,0,null,null,null,null,null,null,null,null,null,null,null,null
3371,7.18398,-19,null,null,null,null,null,null,null,null,null,null,null,null
3372,7.18427,-65,null,null,null,null,null,null,null,null,null,null,null,null
3373,7.18491,-71,null,null,null,null,null,null,null,null,null,null,null,null
3374,7.18549,-30,null,null,null,null,null,null,null,null,null,null,null,null
3375,7.18590,11,null,null,null,null,null,null,null,null,null,null,null,null
3376,7.18608,28,null,null,null,null,null,null,null,null,null,null,null,null
3377,7.18623,28,null,null,null,null,null,null,null,null,null,null,null,null
3378,7.18636,35,null,null,null,null,null,null,null,null,null,null,null,null
3379,7.18653,41,null,null,null,null,null,null,null,null,null,null,null,null
3380,7.18692,50,null,null,null,null,null,null,null,null,null,null,null,null
3381,7.18706,59,null,null,null,null,null,null,null,null,null,null,null,null
3382,7.18743,67,null,null,null,null,null,null,null,null,null,null,null,null
3383,7.18764,59,null,null,null,null,null,null,null,null,null,null,null,null
3384,7.18800,60,null,null,null,null,null,null,null,null,null,null,null,null
3385,7.18848,58,null,null,null,null,null,null,null,null,null,null,null,null
3386,7.18876,72,null,null,null,null,null,null,null,null,null,null,null,null
3387,7.18906,92,null,null,null,null,null,null,null,null,null,null,null,null
3388,7.18930,112,null,null,null,null,null,null,null,null,null,null,null,null
3389,7.18947,107,null,null,null,null,null,null,null,null,null,null,null,null
3390,7.18983,116,null,null,null,null,null,null,null,null,null,null,null,null
3391,7.22113,157,null,null,null,null,null,null,null,null,null,null,null,null
3392,7.22172,177,null,null,null,null,null,null,null,null,null,null,null,null
3393,7.22202,152,null,null,null,null,null,null,null,null,null,null,null,null
3394,7.22261,137,null,null,null,null,null,null,null,null,null,null,null,null
3395,7.22370,133,null,null,null,null,null,null,null,null,null,null,null,null
3396,7.22430,122,null,null,null,null,null,null,null,null,null,null,null,null
3397,7.22614,89,null,null,null,null,null,null,null,null,null,null,null,null
3398,7.22688,69,null,null,null,null,null,null,null,null,null,null,null,null
3399,7.22708,91,null,null,null,null,null,null,null,null,null,null,null,null
3400,7.22722,114,null,null,null,null,null,null,null,null,null,null,null,null
3401,7.22735,89,null,null,null,null,null,null,null,null,null,null,null,null
3402,7.22752,54,null,null,null,null,null,null,null,null,null,null,null,null
3403,7.22769,64,null,null,null,null,null,null,null,null,null,null,null,null
3404,7.22785,102,null,null,null,null,null,null,null,null,null,null,null,null
3405,7.22798,97,null,null,null,null,null,null,null,null,null,null,null,null
3406,7.22810,34,null,null,null,null,null,null,null,null,null,null,null,null
3407,7.22824,-17,null,null,null,null,null,null,null,null,null,null,null,null
3408,7.22836,-23,null,null,null,null,null,null,null,null,null,null,null,null
3409,7.22851,-5,null,null,null,null,null,null,null,null,null,null,null,null
3410,7.24493,24,null,null,null,null,null,null,null,null,null,null,null,null
3411,7.24519,37,null,null,null,null,null,null,null,null,null,null,null,null
3412,7.24546,33,null,null,null,null,null,null,null,null,null,null,null,null
3413,7.24574,43,null,null,null,null,null,null,null,null,null,null,null,null
3414,7.24602,38,null,null,null,null,null,null,null,null,null,null,null,null
3415,7.24635,22,null,null,null,null,null,null,null,null,null,null,null,null
3416,7.24656,32,null,null,null,null,null,null,null,null,null,null,null,null
3417,7.24674,49,null,null,null,null,null,null,null,null,null,null,null,null
3418,7.24696,23,null,null,null,null,null,null,null,null,null,null,null,null
3419,7.24712,-7,null,null,null,null,null,null,null,null,null,null,null,null
3420,7.24726,-5,null,null,null,null,null,null,null,null,null,null,null,null
3421,7.24739,9,null,null,null,null,null,null,null,null,null,null,null,null
3422,7.24763,-2,null,null,null,null,null,null,null,null,null,null,null,null
3423,7.24778,-29,null,null,null,null,null,null,null,null,null,null,null,null
3424,7.24790,-37,null,null,null,null,null,null,null,null,null,null,null,null
3425,7.24802,-10,null,null,null,null,null,null,null,null,null,null,null,null
3426,7.24818,27,null,null,null,null,null,null,null,null,null,null,null,null
3427,7.24837,38,null,null,null,null,null,null,null,null,null,null,null,null
3428,7.24854,19,null,null,null,null,null,null,null,null,null,null,null,null
3429,7.24870,11,null,null,null,null,null,null,null,null,null,null,null,null
3430,7.29001,9,null,null,null,null,null,null,null,null,null,null,null,null
3431,7.29026,8,null,null,null,null,null,null,null,null,null,null,null,null
3432,7.29056,35,null,null,null,null,null,null,null,null,null,null,null,null
3433,7.29086,77,null,null,null,null,null,null,null,null,null,null,null,null
3434,7.29108,104,null,null,null,null,null,null,null,null,null,null,null,null
3435,7.29123,114,null,null,null,null,null,null,null,null,null,null,null,null
3436,7.29140,108,null,null,null,null,null,null,null,null,null,null,null,null
3437,7.29153,131,null,null,null,null,null,null,null,null,null,null,null,null
3438,7.29166,181,null,null,null,null,null,null,null,null,null,null,null,null
3439,7.29180,195,null,null,null,null,null,null,null,null,null,null,null,null
3440,7.29202,192,null,null,null,null,null,null,null,null,null,null,null,null
3441,7.29220,208,null,null,null,null,null,null,null,null,null,null,null,null
3442,7.29233,234,null,null,null,null,null,null,null,null,null,null,null,null
3443,7.29246,261,null,null,null,null,null,null,null,null,null,null,null,null
3444,7.29258,284,null,null,null,null,null,null,null,null,null,null,null,null
3445,7.29280,327,null,null,null,null,null,null,null,null,null,null,null,null
3446,7.29295,353,null,null,null,null,null,null,null,null,null,null,null,null
3447,7.29308,364,null,null,null,null,null,null,null,null,null,null,null,null
3448,7.29350,377,null,null,null,null,null,null,null,null,null,null,null,null
3449,7.29363,393,null,null,null,null,null,null,null,null,null,null,null,null
3450,7.32670,427,null,null,null,null,null,null,null,null,null,null,null,null
3451,7.32700,461,null,null,null,null,null,null,null,null,null,null,null,null
3452,7.33158,484,null,null,null,null,null,null,null,null,null,null,null,null
3453,7.33400,482,null,null,null,null,null,null,null,null,null,null,null,null
3454,7.33640,492,null,null,null,null,null,null,null,null,null,null,null,null
3455,7.33658,500,null,null,null,null,null,null,null,null,null,null,null,null
3456,7.33757,465,null,null,null,null,null,null,null,null,null,null,null,null
3457,7.33871,410,null,null,null,null,null,null,null,null,null,null,null,null
3458,7.33887,389,null,null,null,null,null,null,null,null,null,null,null,null
3459,7.34070,391,null,null,null,null,null,null,null,null,null,null,null,null
3460,7.34088,392,null,null,null,null,null,null,null,null,null,null,null,null
3461,7.34110,381,null,null,null,null,null,null,null,null,null,null,null,null
3462,7.34126,357,null,null,null,null,null,null,null,null,null,null,null,null
3463,7.34156,338,null,null,null,null,null,null,null,null,null,null,null,null
3464,7.34170,323,null,null,null,null,null,null,null,null,null,null,null,null
3465,7.34182,296,null,null,null,null,null,null,null,null,null,null,null,null
3466,7.34196,261,null,null,null,null,null,null,null,null,null,null,null,null
3467,7.34258,231,null,null,null,null,null,null,null,null,null,null,null,null
3468,7.34273,212,null,null,null,null,null,null,null,null,null,null,null,null
3469,7.35759,185,null,null,null,null,null,null,null,null,null,null,null,null
3470,7.35786,168,null,null,null,null,null,null,null,null,null,null,null,null
3471,7.35814,133,null,null,null,null,null,null,null,null,null,null,null,null
3472,7.35839,101,null,null,null,null,null,null,null,null,null,null,null,null
3473,7.35863,83,null,null,null,null,null,null,null,null,null,null,null,null
3474,7.35884,61,null,null,null,null,null,null,null,null,null,null,null,null
3475,7.35899,38,null,null,null,null,null,null,null,null,null,null,null,null
3476,7.35913,40,null,null,null,null,null,null,null,null,null,null,null,null
3477,7.35930,45,null,null,null,null,null,null,null,null,null,null,null,null
3478,7.35951,6,null,null,null,null,null,null,null,null,null,null,null,null
3479,7.35968,-46,null,null,null,null,null,null,null,null,null,null,null,null
3480,7.36007,-59,null,null,null,null,null,null,null,null,null,null,null,null
3481,7.36021,-45,null,null,null,null,null,null,null,null,null,null,null,null
3482,7.36034,-40,null,null,null,null,null,null,null,null,null,null,null,null
3483,7.36046,-54,null,null,null,null,null,null,null,null,null,null,null,null
3484,7.36064,-71,null,null,null,null,null,null,null,null,null,null,null,null
3485,7.36081,-68,null,null,null,null,null,null,null,null,null,null,null,null
3486,7.36095,-75,null,null,null,null,null,null,null,null,null,null,null,null
3487,7.36111,-99,null,null,null,null,null,null,null,null,null,null,null,null
3488,7.36155,-117,null,null,null,null,null,null,null,null,null,null,null,null
3489,7.40251,-102,null,null,null,null,null,null,null,null,null,null,null,null
3490,7.40283,-74,null,null,null,null,null,null,null,null,null,null,null,null
3491,7.40324,-61,null,null,null,null,null,null,null,null,null,null,null,null
3492,7.40364,-71,null,null,null,null,null,null,null,null,null,null,null,null
3493,7.40406,-76,null,null,null,null,null,null,null,null,null,null,null,null
3494,7.40456,-75,null,null,null,null,null,null,null,null,null,null,null,null
3495,7.40493,-93,null,null,null,null,null,null,null,null,null,null,null,null
3496,7.40512,-130,null,null,null,null,null,null,null,null,null,null,null,null
3497,7.40527,-154,null,null,null,null,null,null,null,null,null,null,null,null
3498,7.40541,-156,null,null,null,null,null,null,null,null,null,null,null,null
3499,7.40557,-172,null,null,null,null,null,null,null,null,null,null,null,null
3500,7.40575,-202,null,null,null,null,null,null,null,null,null,null,null,null
3501,7.40588,-199,null,null,null,null,null,null,null,null,null,null,null,null
3502,7.40601,-174,null,null,null,null,null,null,null,null,null,null,null,null
3503,7.40614,-178,null,null,null,null,null,null,null,null,null,null,null,null
3504,7.40629,-201,null,null,null,null,null,null,null,null,null,null,null,null
3505,7.40640,-229,null,null,null,null,null,null,null,null,null,null,null,null
3506,7.40657,-220,null,null,null,null,null,null,null,null,null,null,null,null
3507,7.40675,-186,null,null,null,null,null,null,null,null,null,null,null,null
3508,7.44740,-184,null,null,null,null,null,null,null,null,null,null,null,null
3509,7.44765,-230,null,null,null,null,null,null,null,null,null,null,null,null
3510,7.44790,-250,null,null,null,null,null,null,null,null,null,null,null,null
3511,7.44813,-230,null,null,null,null,null,null,null,null,null,null,null,null
3512,7.44833,-212,null,null,null,null,null,null,null,null,null,null,null,null
3513,7.44852,-215,null,null,null,null,null,null,null,null,null,null,null,null
3514,7.44866,-203,null,null,null,null,null,null,null,null,null,null,null,null
3515,7.44879,-185,null,null,null,null,null,null,null,null,null,null,null,null
3516,7.44895,-186,null,null,null,null,null,null,null,null,null,null,null,null
3517,7.44913,-211,null,null,null,null,null,null,null,null,null,null,null,null
3518,7.44927,-225,null,null,null,null,null,null,null,null,null,null,null,null
3519,7.44940,-196,null,null,null,null,null,null,null,null,null,null,null,null
3520,7.44957,-167,null,null,null,null,null,null,null,null,null,null,null,null
3521,7.44971,-195,null,null,null,null,null,null,null,null,null,null,null,null
3522,7.44986,-236,null,null,null,null,null,null,null,null,null,null,null,null
3523,7.44998,-234,null,null,null,null,null,null,null,null,null,null,null,null
3524,7.45010,-212,null,null,null,null,null,null,null,null,null,null,null,null
3525,7.45022,-211,null,null,null,null,null,null,null,null,null,null,null,null
3526,7.45035,-220,null,null,null,null,null,null,null,null,null,null,null,null
3527,7.45050,-203,null,null,null,null,null,null,null,null,null,null,null,null
3528,7.46996,-181,null,null,null,null,null,null,null,null,null,null,null,null
3529,7.47032,-162,null,null,null,null,null,null,null,null,null,null,null,null
3530,7.47060,-145,null,null,null,null,null,null,null,null,null,null,null,null
3531,7.47093,-136,null,null,null,null,null,null,null,null,null,null,null,null
3532,7.47119,-106,null,null,null,null,null,null,null,null,null,null,null,null
3533,7.47135,-91,null,null,null,null,null,null,null,null,null,null,null,null
3534,7.47151,-110,null,null,null,null,null,null,null,null,null,null,null,null
3535,7.47181,-120,null,null,null,null,null,null,null,null,null,null,null,null
3536,7.47200,-102,null,null,null,null,null,null,null,null,null,null,null,null
3537,7.47215,-87,null,null,null,null,null,null,null,null,null,null,null,null
3538,7.47228,-99,null,null,null,null,null,null,null,null,null,null,null,null
3539,7.47240,-103,null,null,null,null,null,null,null,null,null,null,null,null
3540,7.47262,-76,null,null,null,null,null,null,null,null,null,null,null,null
3541,7.47276,-52,null,null,null,null,null,null,null,null,null,null,null,null
3542,7.47289,-62,null,null,null,null,null,null,null,null,null,null,null,null
3543,7.47303,-105,null,null,null,null,null,null,null,null,null,null,null,null
3544,7.47395,-113,null,null,null,null,null,null,null,null,null,null,null,null
3545,7.47410,-102,null,null,null,null,null,null,null,null,null,null,null,null
3546,7.47423,-106,null,null,null,null,null,null,null,null,null,null,null,null
3547,7.47435,-103,null,null,null,null,null,null,null,null,null,null,null,null
3548,7.51416,-74,null,null,null,null,null,null,null,null,null,null,null,null
3549,7.51442,-50,null,null,null,null,null,null,null,null,null,null,null,null
3550,7.51469,-24,null,null,null,null,null,null,null,null,null,null,null,null
3551,7.51492,-20,null,null,null,null,null,null,null,null,null,null,null,null
3552,7.51511,-43,null,null,null,null,null,null,null,null,null,null,null,null
3553,7.51527,-38,null,null,null,null,null,null,null,null,null,null,null,null
3554,7.51542,0,null,null,null,null,null,null,null,null,null,null,null,null
3555,7.51556,7,null,null,null,null,null,null,null,null,null,null,null,null
3556,7.51570,-2,null,null,null,null,null,null,null,null,null,null,null,null
3557,7.51583,-1,null,null,null,null,null,null,null,null,null,null,null,null
3558,7.51599,0,null,null,null,null,null,null,null,null,null,null,null,null
3559,7.51617,-14,null,null,null,null,null,null,null,null,null,null,null,null
3560,7.51638,-25,null,null,null,null,null,null,null,null,null,null,null,null
3561,7.51655,-9,null,null,null,null,null,null,null,null,null,null,null,null
3562,7.51669,5,null,null,null,null,null,null,null,null,null,null,null,null
3563,7.51682,10,null,null,null,null,null,null,null,null,null,null,null,null
3564,7.51697,10,null,null,null,null,null,null,null,null,null,null,null,null
3565,7.51709,36,null,null,null,null,null,null,null,null,null,null,null,null
3566,7.51721,69,null,null,null,null,null,null,null,null,null,null,null,null
3567,7.56603,70,null,null,null,null,null,null,null,null,null,null,null,null
3568,7.56634,49,null,null,null,null,null,null,null,null,null,null,null,null
3569,7.56800,44,null,null,null,null,null,null,null,null,null,null,null,null
3570,7.57055,84,null,null,null,null,null,null,null,null,null,null,null,null
3571,7.57098,121,null,null,null,null,null,null,null,null,null,null,null,null
3572,7.57147,104,null,null,null,null,null,null,null,null,null,null,null,null
3573,7.57165,74,null,null,null,null,null,null,null,null,null,null,null,null
3574,7.57182,90,null,null,null,null,null,null,null,null,null,null,null,null
3575,7.57199,133,null,null,null,null,null,null,null,null,null,null,null,null
3576,7.57212,132,null,null,null,null,null,null,null,null,null,null,null,null
3577,7.57225,92,null,null,null,null,null,null,null,null,null,null,null,null
3578,7.57243,88,null,null,null,null,null,null,null,null,null,null,null,null
3579,7.57259,129,null,null,null,null,null,null,null,null,null,null,null,null
3580,7.57276,166,null,null,null,null,null,null,null,null,null,null,null,null
3581,7.57291,163,null,null,null,null,null,null,null,null,null,null,null,null
3582,7.57307,145,null,null,null,null,null,null,null,null,null,null,null,null
3583,7.57324,154,null,null,null,null,null,null,null,null,null,null,null,null
3584,7.57339,170,null,null,null,null,null,null,null,null,null,null,null,null
3585,7.57357,154,null,null,null,null,null,null,null,null,null,null,null,null
3586,7.57371,135,null,null,null,null,null,null,null,null,null,null,null,null
3587,7.58250,144,null,null,null,null,null,null,null,null,null,null,null,null
3588,7.58276,136,null,null,null,null,null,null,null,null,null,null,null,null
3589,7.58313,104,null,null,null,null,null,null,null,null,null,null,null,null
3590,7.58337,81,null,null,null,null,null,null,null,null,null,null,null,null
3591,7.58361,66,null,null,null,null,null,null,null,null,null,null,null,null
3592,7.58385,73,null,null,null,null,null,null,null,null,null,null,null,null
3593,7.58403,74,null,null,null,null,null,null,null,null,null,null,null,null
3594,7.58417,53,null,null,null,null,null,null,null,null,null,null,null,null
3595,7.58430,50,null,null,null,null,null,null,null,null,null,null,null,null
3596,7.58444,80,null,null,null,null,null,null,null,null,null,null,null,null
3597,7.58467,90,null,null,null,null,null,null,null,null,null,null,null,null
3598,7.58482,72,null,null,null,null,null,null,null,null,null,null,null,null
3599,7.58504,44,null,null,null,null,null,null,null,null,null,null,null,null
3600,7.58523,45,null,null,null,null,null,null,null,null,null,null,null,null
3601,7.58538,77,null,null,null,null,null,null,null,null,null,null,null,null
3602,7.58551,91,null,null,null,null,null,null,null,null,null,null,null,null
3603,7.58570,83,null,null,null,null,null,null,null,null,null,null,null,null
3604,7.58583,96,null,null,null,null,null,null,null,null,null,null,null,null
3605,7.58595,117,null,null,null,null,null,null,null,null,null,null,null,null
3606,7.58612,115,null,null,null,null,null,null,null,null,null,null,null,null
3607,7.62727,100,null,null,null,null,null,null,null,null,null,null,null,null
3608,7.62754,99,null,null,null,null,null,null,null,null,null,null,null,null
3609,7.62796,106,null,null,null,null,null,null,null,null,null,null,null,null
3610,7.62834,86,null,null,null,null,null,null,null,null,null,null,null,null
3611,7.62860,71,null,null,null,null,null,null,null,null,null,null,null,null
3612,7.62878,83,null,null,null,null,null,null,null,null,null,null,null,null
3613,7.62894,101,null,null,null,null,null,null,null,null,null,null,null,null
3614,7.62909,97,null,null,null,null,null,null,null,null,null,null,null,null
3615,7.62922,76,null,null,null,null,null,null,null,null,null,null,null,null
3616,7.62936,65,null,null,null,null,null,null,null,null,null,null,null,null
3617,7.62949,59,null,null,null,null,null,null,null,null,null,null,null,null
3618,7.62964,70,null,null,null,null,null,null,null,null,null,null,null,null
3619,7.62978,72,null,null,null,null,null,null,null,null,null,null,null,null
3620,7.62995,60,null,null,null,null,null,null,null,null,null,null,null,null
3621,7.63011,66,null,null,null,null,null,null,null,null,null,null,null,null
3622,7.63026,73,null,null,null,null,null,null,null,null,null,null,null,null
3623,7.63042,82,null,null,null,null,null,null,null,null,null,null,null,null
3624,7.63060,77,null,null,null,null,null,null,null,null,null,null,null,null
3625,7.63074,84,null,null,null,null,null,null,null,null,null,null,null,null
3626,7.67248,99,null,null,null,null,null,null,null,null,null,null,null,null
3627,7.67276,80,null,null,null,null,null,null,null,null,null,null,null,null
3628,7.67303,50,null,null,null,null,null,null,null,null,null,null,null,null
3629,7.67330,48,null,null,null,null,null,null,null,null,null,null,null,null
3630,7.67360,68,null,null,null,null,null,null,null,null,null,null,null,null
3631,7.67379,61,null,null,null,null,null,null,null,null,null,null,null,null
3632,7.67394,41,null,null,null,null,null,null,null,null,null,null,null,null
3633,7.67408,35,null,null,null,null,null,null,null,null,null,null,null,null
3634,7.67422,43,null,null,null,null,null,null,null,null,null,null,null,null
3635,7.67444,58,null,null,null,null,null,null,null,null,null,null,null,null
3636,7.67459,43,null,null,null,null,null,null,null,null,null,null,null,null
3637,7.67473,2,null,null,null,null,null,null,null,null,null,null,null,null
3638,7.67496,0,null,null,null,null,null,null,null,null,null,null,null,null
3639,7.67512,23,null,null,null,null,null,null,null,null,null,null,null,null
3640,7.67528,32,null,null,null,null,null,null,null,null,null,null,null,null
3641,7.67545,17,null,null,null,null,null,null,null,null,null,null,null,null
3642,7.67562,19,null,null,null,null,null,null,null,null,null,null,null,null
3643,7.67599,34,null,null,null,null,null,null,null,null,null,null,null,null
3644,7.67658,28,null,null,null,null,null,null,null,null,null,null,null,null
3645,7.67689,8,null,null,null,null,null,null,null,null,null,null,null,null
3646,7.69464,18,null,null,null,null,null,null,null,null,null,null,null,null
3647,7.69489,61,null,null,null,null,null,null,null,null,null,null,null,null
3648,7.69525,61,null,null,null,null,null,null,null,null,null,null,null,null
3649,7.69551,27,null,null,null,null,null,null,null,null,null,null,null,null
3650,7.69575,17,null,null,null,null,null,null,null,null,null,null,null,null
3651,7.69600,41,null,null,null,null,null,null,null,null,null,null,null,null
3652,7.69615,60,null,null,null,null,null,null,null,null,null,null,null,null
3653,7.69632,52,null,null,null,null,null,null,null,null,null,null,null,null
3654,7.69650,41,null,null,null,null,null,null,null,null,null,null,null,null
3655,7.69664,54,null,null,null,null,null,null,null,null,null,null,null,null
3656,7.69679,73,null,null,null,null,null,null,null,null,null,null,null,null
3657,7.69692,85,null,null,null,null,null,null,null,null,null,null,null,null
3658,7.69722,81,null,null,null,null,null,null,null,null,null,null,null,null
3659,7.69754,82,null,null,null,null,null,null,null,null,null,null,null,null
3660,7.69777,92,null,null,null,null,null,null,null,null,null,null,null,null
3661,7.69794,97,null,null,null,null,null,null,null,null,null,null,null,null
3662,7.69813,112,null,null,null,null,null,null,null,null,null,null,null,null
3663,7.69835,119,null,null,null,null,null,null,null,null,null,null,null,null
3664,7.69863,105,null,null,null,null,null,null,null,null,null,null,null,null
3665,7.76230,106,null,null,null,null,null,null,null,null,null,null,null,null
3666,7.76259,107,null,null,null,null,null,null,null,null,null,null,null,null
3667,7.76639,107,null,null,null,null,null,null,null,null,null,null,null,null
3668,7.77068,121,null,null,null,null,null,null,null,null,null,null,null,null
3669,7.77136,123,null,null,null,null,null,null,null,null,null,null,null,null
3670,7.77171,115,null,null,null,null,null,null,null,null,null,null,null,null
3671,7.77192,132,null,null,null,null,null,null,null,null,null,null,null,null
3672,7.77207,169,null,null,null,null,null,null,null,null,null,null,null,null
3673,7.77221,208,null,null,null,null,null,null,null,null,null,null,null,null
3674,7.77241,209,null,null,null,null,null,null,null,null,null,null,null,null
3675,7.77261,180,null,null,null,null,null,null,null,null,null,null,null,null
3676,7.77282,177,null,null,null,null,null,null,null,null,null,null,null,null
3677,7.77313,194,null,null,null,null,null,null,null,null,null,null,null,null
3678,7.77333,195,null,null,null,null,null,null,null,null,null,null,null,null
3679,7.77350,178,null,null,null,null,null,null,null,null,null,null,null,null
3680,7.77380,166,null,null,null,null,null,null,null,null,null,null,null,null
3681,7.77413,172,null,null,null,null,null,null,null,null,null,null,null,null
3682,7.77442,189,null,null,null,null,null,null,null,null,null,null,null,null
3683,7.77481,194,null,null,null,null,null,null,null,null,null,null,null,null
3684,7.77495,192,null,null,null,null,null,null,null,null,null,null,null,null
3685,7.78609,194,null,null,null,null,null,null,null,null,null,null,null,null
3686,7.78696,182,null,null,null,null,null,null,null,null,null,null,null,null
3687,7.78727,156,null,null,null,null,null,null,null,null,null,null,null,null
3688,7.78757,149,null,null,null,null,null,null,null,null,null,null,null,null
3689,7.78781,161,null,null,null,null,null,null,null,null,null,null,null,null
3690,7.78802,176,null,null,null,null,null,null,null,null,null,null,null,null
3691,7.78818,160,null,null,null,null,null,null,null,null,null,null,null,null
3692,7.78834,129,null,null,null,null,null,null,null,null,null,null,null,null
3693,7.78850,129,null,null,null,null,null,null,null,null,null,null,null,null
3694,7.78873,132,null,null,null,null,null,null,null,null,null,null,null,null
3695,7.78891,113,null,null,null,null,null,null,null,null,null,null,null,null
3696,7.78909,70,null,null,null,null,null,null,null,null,null,null,null,null
3697,7.78927,35,null,null,null,null,null,null,null,null,null,null,null,null
3698,7.78949,27,null,null,null,null,null,null,null,null,null,null,null,null
3699,7.78965,43,null,null,null,null,null,null,null,null,null,null,null,null
3700,7.78985,42,null,null,null,null,null,null,null,null,null,null,null,null
3701,7.79005,23,null,null,null,null,null,null,null,null,null,null,null,null
3702,7.79023,24,null,null,null,null,null,null,null,null,null,null,null,null
3703,7.79038,39,null,null,null,null,null,null,null,null,null,null,null,null
3704,7.79059,53,null,null,null,null,null,null,null,null,null,null,null,null
3705,7.82970,51,null,null,null,null,null,null,null,null,null,null,null,null
3706,7.83004,28,null,null,null,null,null,null,null,null,null,null,null,null
3707,7.83038,29,null,null,null,null,null,null,null,null,null,null,null,null
3708,7.83064,53,null,null,null,null,null,null,null,null,null,null,null,null
3709,7.83087,52,null,null,null,null,null,null,null,null,null,null,null,null
3710,7.83106,37,null,null,null,null,null,null,null,null,null,null,null,null
3711,7.83124,52,null,null,null,null,null,null,null,null,null,null,null,null
3712,7.83143,75,null,null,null,null,null,null,null,null,null,null,null,null
3713,7.83181,89,null,null,null,null,null,null,null,null,null,null,null,null
3714,7.83205,88,null,null,null,null,null,null,null,null,null,null,null,null
3715,7.83229,101,null,null,null,null,null,null,null,null,null,null,null,null
3716,7.83250,128,null,null,null,null,null,null,null,null,null,null,null,null
3717,7.83269,125,null,null,null,null,null,null,null,null,null,null,null,null
3718,7.83284,112,null,null,null,null,null,null,null,null,null,null,null,null
3719,7.83299,119,null,null,null,null,null,null,null,null,null,null,null,null
3720,7.83313,138,null,null,null,null,null,null,null,null,null,null,null,null
3721,7.83331,136,null,null,null,null,null,null,null,null,null,null,null,null
3722,7.83345,115,null,null,null,null,null,null,null,null,null,null,null,null
3723,7.83357,102,null,null,null,null,null,null,null,null,null,null,null,null
3724,7.85218,116,null,null,null,null,null,null,null,null,null,null,null,null
3725,7.85244,131,null,null,null,null,null,null,null,null,null,null,null,null
3726,7.85273,137,null,null,null,null,null,null,null,null,null,null,null,null
3727,7.85300,122,null,null,null,null,null,null,null,null,null,null,null,null
3728,7.85326,101,null,null,null,null,null,null,null,null,null,null,null,null
3729,7.85358,96,null,null,null,null,null,null,null,null,null,null,null,null
3730,7.85393,87,null,null,null,null,null,null,null,null,null,null,null,null
3731,7.85413,73,null,null,null,null,null,null,null,null,null,null,null,null
3732,7.85429,77,null,null,null,null,null,null,null,null,null,null,null,null
3733,7.85452,85,null,null,null,null,null,null,null,null,null,null,null,null
3734,7.85469,70,null,null,null,null,null,null,null,null,null,null,null,null
3735,7.85488,48,null,null,null,null,null,null,null,null,null,null,null,null
3736,7.85556,41,null,null,null,null,null,null,null,null,null,null,null,null
3737,7.85576,53,null,null,null,null,null,null,null,null,null,null,null,null
3738,7.85604,56,null,null,null,null,null,null,null,null,null,null,null,null
3739,7.85641,37,null,null,null,null,null,null,null,null,null,null,null,null
3740,7.85656,25,null,null,null,null,null,null,null,null,null,null,null,null
3741,7.85681,37,null,null,null,null,null,null,null,null,null,null,null,null
3742,7.85700,42,null,null,null,null,null,null,null,null,null,null,null,null
3743,7.85713,23,null,null,null,null,null,null,null,null,null,null,null,null
3744,7.89726,-13,null,null,null,null,null,null,null,null,null,null,null,null
3745,7.89775,-34,null,null,null,null,null,null,null,null,null,null,null,null
3746,7.89817,-41,null,null,null,null,null,null,null,null,null,null,null,null
3747,7.89873,-67,null,null,null,null,null,null,null,null,null,null,null,null
3748,7.89897,-91,null,null,null,null,null,null,null,null,null,null,null,null
3749,7.89918,-76,null,null,null,null,null,null,null,null,null,null,null,null
3750,7.89937,-53,null,null,null,null,null,null,null,null,null,null,null,null
3751,7.89951,-61,null,null,null,null,null,null,null,null,null,null,null,null
3752,7.89972,-91,null,null,null,null,null,null,null,null,null,null,null,null
3753,7.89993,-81,null,null,null,null,null,null,null,null,null,null,null,null
3754,7.90014,-40,null,null,null,null,null,null,null,null,null,null,null,null
3755,7.90033,-23,null,null,null,null,null,null,null,null,null,null,null,null
3756,7.90047,-28,null,null,null,null,null,null,null,null,null,null,null,null
3757,7.90060,-33,null,null,null,null,null,null,null,null,null,null,null,null
3758,7.90077,-12,null,null,null,null,null,null,null,null,null,null,null,null
3759,7.90092,2,null,null,null,null,null,null,null,null,null,null,null,null
3760,7.90112,10,null,null,null,null,null,null,null,null,null,null,null,null
3761,7.90126,25,null,null,null,null,null,null,null,null,null,null,null,null
3762,7.90141,38,null,null,null,null,null,null,null,null,null,null,null,null
3763,7.90161,36,null,null,null,null,null,null,null,null,null,null,null,null
3764,7.94290,32,null,null,null,null,null,null,null,null,null,null,null,null
3765,7.94318,37,null,null,null,null,null,null,null,null,null,null,null,null
3766,7.94347,59,null,null,null,null,null,null,null,null,null,null,null,null
3767,7.94369,77,null,null,null,null,null,null,null,null,null,null,null,null
3768,7.94395,72,null,null,null,null,null,null,null,null,null,null,null,null
3769,7.94412,57,null,null,null,null,null,null,null,null,null,null,null,null
3770,7.94432,65,null,null,null,null,null,null,null,null,null,null,null,null
3771,7.94446,90,null,null,null,null,null,null,null,null,null,null,null,null
3772,7.94458,104,null,null,null,null,null,null,null,null,null,null,null,null
3773,7.94473,92,null,null,null,null,null,null,null,null,null,null,null,null
3774,7.94486,84,null,null,null,null,null,null,null,null,null,null,null,null
3775,7.94503,113,null,null,null,null,null,null,null,null,null,null,null,null
3776,7.94520,148,null,null,null,null,null,null,null,null,null,null,null,null
3777,7.94537,130,null,null,null,null,null,null,null,null,null,null,null,null
3778,7.94554,92,null,null,null,null,null,null,null,null,null,null,null,null
3779,7.94572,90,null,null,null,null,null,null,null,null,null,null,null,null
3780,7.94585,104,null,null,null,null,null,null,null,null,null,null,null,null
3781,7.94598,103,null,null,null,null,null,null,null,null,null,null,null,null
3782,7.94671,88,null,null,null,null,null,null,null,null,null,null,null,null
3783,7.97432,70,null,null,null,null,null,null,null,null,null,null,null,null
3784,7.97463,64,null,null,null,null,null,null,null,null,null,null,null,null
3785,7.97888,48,null,null,null,null,null,null,null,null,null,null,null,null
3786,7.98095,23,null,null,null,null,null,null,null,null,null,null,null,null
3787,7.98464,17,null,null,null,null,null,null,null,null,null,null,null,null
3788,7.98727,24,null,null,null,null,null,null,null,null,null,null,null,null
3789,7.98866,36,null,null,null,null,null,null,null,null,null,null,null,null
3790,7.99189,8,null,null,null,null,null,null,null,null,null,null,null,null
3791,7.99211,0,null,null,null,null,null,null,null,null,null,null,null,null
3792,7.99409,19,null,null,null,null,null,null,null,null,null,null,null,null
3793,7.99584,20,null,null,null,null,null,null,null,null,null,null,null,null
3794,7.99603,-2,null,null,null,null,null,null,null,null,null,null,null,null
3795,7.99752,-26,null,null,null,null,null,null,null,null,null,null,null,null
3796,7.99779,-36,null,null,null,null,null,null,null,null,null,null,null,null
3797,7.99794,-36,null,null,null,null,null,null,null,null,null,null,null,null
3798,7.99947,-37,null,null,null,null,null,null,null,null,null,null,null,null
3799,7.99962,-35,null,null,null,null,null,null,null,null,null,null,null,null
3800,7.99975,-24,null,null,null,null,null,null,null,null,null,null,null,null
3801,7.99986,-6,null,null,null,null,null,null,null,null,null,null,null,null
3802,7.99997,-9,null,null,null,null,null,null,null,null,null,null,null,null
3803,8.00921,-37,null,null,null,null,null,null,null,null,null,null,null,null
3804,8.00945,-43,null,null,null,null,null,null,null,null,null,null,null,null
3805,8.00969,-26,null,null,null,null,null,null,null,null,null,null,null,null
3806,8.00993,-4,null,null,null,null,null,null,null,null,null,null,null,null
3807,8.01024,0,null,null,null,null,null,null,null,null,null,null,null,null
3808,8.01044,-17,null,null,null,null,null,null,null,null,null,null,null,null
3809,8.01062,-21,null,null,null,null,null,null,null,null,null,null,null,null
3810,8.01076,-17,null,null,null,null,null,null,null,null,null,null,null,null
3811,8.01090,-26,null,null,null,null,null,null,null,null,null,null,null,null
3812,8.01105,-36,null,null,null,null,null,null,null,null,null,null,null,null
3813,8.01124,-17,null,null,null,null,null,null,null,null,null,null,null,null
3814,8.01137,17,null,null,null,null,null,null,null,null,null,null,null,null
3815,8.01151,34,null,null,null,null,null,null,null,null,null,null,null,null
3816,8.01163,36,null,null,null,null,null,null,null,null,null,null,null,null
3817,8.01186,52,null,null,null,null,null,null,null,null,null,null,null,null
3818,8.01204,80,null,null,null,null,null,null,null,null,null,null,null,null
3819,8.01220,97,null,null,null,null,null,null,null,null,null,null,null,null
3820,8.01244,102,null,null,null,null,null,null,null,null,null,null,null,null
3821,8.01260,103,null,null,null,null,null,null,null,null,null,null,null,null
3822,8.07302,105,null,null,null,null,null,null,null,null,null,null,null,null
3823,8.07333,103,null,null,null,null,null,null,null,null,null,null,null,null
3824,8.07374,68,null,null,null,null,null,null,null,null,null,null,null,null
3825,8.07398,44,null,null,null,null,null,null,null,null,null,null,null,null
3826,8.07425,59,null,null,null,null,null,null,null,null,null,null,null,null
3827,8.07448,76,null,null,null,null,null,null,null,null,null,null,null,null
3828,8.07463,80,null,null,null,null,null,null,null,null,null,null,null,null
3829,8.07479,81,null,null,null,null,null,null,null,null,null,null,null,null
3830,8.07495,85,null,null,null,null,null,null,null,null,null,null,null,null
3831,8.07509,84,null,null,null,null,null,null,null,null,null,null,null,null
3832,8.07525,65,null,null,null,null,null,null,null,null,null,null,null,null
3833,8.07542,39,null,null,null,null,null,null,null,null,null,null,null,null
3834,8.07558,28,null,null,null,null,null,null,null,null,null,null,null,null
3835,8.07575,28,null,null,null,null,null,null,null,null,null,null,null,null
3836,8.07600,7,null,null,null,null,null,null,null,null,null,null,null,null
3837,8.07616,-23,null,null,null,null,null,null,null,null,null,null,null,null
3838,8.07630,-19,null,null,null,null,null,null,null,null,null,null,null,null
3839,8.07646,8,null,null,null,null,null,null,null,null,null,null,null,null
3840,8.07659,13,null,null,null,null,null,null,null,null,null,null,null,null
3841,8.07681,-11,null,null,null,null,null,null,null,null,null,null,null,null
3842,8.07846,-26,null,null,null,null,null,null,null,null,null,null,null,null
3843,8.07865,-14,null,null,null,null,null,null,null,null,null,null,null,null
3844,8.07886,-4,null,null,null,null,null,null,null,null,null,null,null,null
3845,8.07904,-20,null,null,null,null,null,null,null,null,null,null,null,null
3846,8.07926,-44,null,null,null,null,null,null,null,null,null,null,null,null
3847,8.07942,-54,null,null,null,null,null,null,null,null,null,null,null,null
3848,8.07956,-51,null,null,null,null,null,null,null,null,null,null,null,null
3849,8.07970,-40,null,null,null,null,null,null,null,null,null,null,null,null
3850,8.07983,-46,null,null,null,null,null,null,null,null,null,null,null,null
3851,8.08002,-44,null,null,null,null,null,null,null,null,null,null,null,null
3852,8.08017,-2,null,null,null,null,null,null,null,null,null,null,null,null
3853,8.08030,29,null,null,null,null,null,null,null,null,null,null,null,null
3854,8.08042,5,null,null,null,null,null,null,null,null,null,null,null,null
3855,8.08054,1,null,null,null,null,null,null,null,null,null,null,null,null
3856,8.08068,50,null,null,null,null,null,null,null,null,null,null,null,null
3857,8.08084,73,null,null,null,null,null,null,null,null,null,null,null,null
3858,8.08099,51,null,null,null,null,null,null,null,null,null,null,null,null
3859,8.08115,39,null,null,null,null,null,null,null,null,null,null,null,null
3860,8.08131,66,null,null,null,null,null,null,null,null,null,null,null,null
3861,8.08146,98,null,null,null,null,null,null,null,null,null,null,null,null
3862,8.12182,115,null,null,null,null,null,null,null,null,null,null,null,null
3863,8.12213,107,null,null,null,null,null,null,null,null,null,null,null,null
3864,8.12243,104,null,null,null,null,null,null,null,null,null,null,null,null
3865,8.12266,132,null,null,null,null,null,null,null,null,null,null,null,null
3866,8.12293,170,null,null,null,null,null,null,null,null,null,null,null,null
3867,8.12308,178,null,null,null,null,null,null,null,null,null,null,null,null
3868,8.12323,182,null,null,null,null,null,null,null,null,null,null,null,null
3869,8.12337,217,null,null,null,null,null,null,null,null,null,null,null,null
3870,8.12350,230,null,null,null,null,null,null,null,null,null,null,null,null
3871,8.12367,189,null,null,null,null,null,null,null,null,null,null,null,null
3872,8.12387,140,null,null,null,null,null,null,null,null,null,null,null,null
3873,8.12403,136,null,null,null,null,null,null,null,null,null,null,null,null
3874,8.12417,138,null,null,null,null,null,null,null,null,null,null,null,null
3875,8.12430,122,null,null,null,null,null,null,null,null,null,null,null,null
3876,8.12446,null,11,64,105071,85128,3666,24746,8008,1723,578,1598,0,null
3877,8.12471,106,null,null,null,null,null,null,null,null,null,null,null,null
3878,8.16719,114,null,null,null,null,null,null,null,null,null,null,null,null
3879,8.16747,120,null,null,null,null,null,null,null,null,null,null,null,null
3880,8.16777,99,null,null,null,null,null,null,null,null,null,null,null,null
3881,8.16803,71,null,null,null,null,null,null,null,null,null,null,null,null
3882,8.16825,71,null,null,null,null,null,null,null,null,null,null,null,null
3883,8.16839,76,null,null,null,null,null,null,null,null,null,null,null,null
3884,8.16852,58,null,null,null,null,null,null,null,null,null,null,null,null
3885,8.16873,25,null,null,null,null,null,null,null,null,null,null,null,null
3886,8.16890,11,null,null,null,null,null,null,null,null,null,null,null,null
3887,8.16907,23,null,null,null,null,null,null,null,null,null,null,null,null
3888,8.16928,27,null,null,null,null,null,null,null,null,null,null,null,null
3889,8.16942,9,null,null,null,null,null,null,null,null,null,null,null,null
3890,8.16957,-4,null,null,null,null,null,null,null,null,null,null,null,null
3891,8.16973,2,null,null,null,null,null,null,null,null,null,null,null,null
3892,8.16987,0,null,null,null,null,null,null,null,null,null,null,null,null
3893,8.17004,-17,null,null,null,null,null,null,null,null,null,null,null,null
3894,8.17020,-18,null,null,null,null,null,null,null,null,null,null,null,null
3895,8.17033,17,null,null,null,null,null,null,null,null,null,null,null,null
3896,8.17045,34,null,null,null,null,null,null,null,null,null,null,null,null
3897,8.18974,24,null,null,null,null,null,null,null,null,null,null,null,null
3898,8.18999,9,null,null,null,null,null,null,null,null,null,null,null,null
3899,8.19028,9,null,null,null,null,null,null,null,null,null,null,null,null
3900,8.19053,36,null,null,null,null,null,null,null,null,null,null,null,null
3901,8.19079,44,null,null,null,null,null,null,null,null,null,null,null,null
3902,8.19107,24,null,null,null,null,null,null,null,null,null,null,null,null
3903,8.19132,26,null,null,null,null,null,null,null,null,null,null,null,null
3904,8.19159,56,null,null,null,null,null,null,null,null,null,null,null,null
3905,8.19188,88,null,null,null,null,null,null,null,null,null,null,null,null
3906,8.19211,105,null,null,null,null,null,null,null,null,null,null,null,null
3907,8.19232,100,null,null,null,null,null,null,null,null,null,null,null,null
3908,8.19273,98,null,null,null,null,null,null,null,null,null,null,null,null
3909,8.19312,100,null,null,null,null,null,null,null,null,null,null,null,null
3910,8.19332,96,null,null,null,null,null,null,null,null,null,null,null,null
3911,8.19349,92,null,null,null,null,null,null,null,null,null,null,null,null
3912,8.19385,107,null,null,null,null,null,null,null,null,null,null,null,null
3913,8.19400,120,null,null,null,null,null,null,null,null,null,null,null,null
3914,8.19416,118,null,null,null,null,null,null,null,null,null,null,null,null
3915,8.19452,105,null,null,null,null,null,null,null,null,null,null,null,null
3916,8.19499,105,null,null,null,null,null,null,null,null,null,null,null,null
3917,8.23475,120,null,null,null,null,null,null,null,null,null,null,null,null
3918,8.23500,128,null,null,null,null,null,null,null,null,null,null,null,null
3919,8.23528,107,null,null,null,null,null,null,null,null,null,null,null,null
3920,8.23554,101,null,null,null,null,null,null,null,null,null,null,null,null
3921,8.23577,99,null,null,null,null,null,null,null,null,null,null,null,null
3922,8.23595,97,null,null,null,null,null,null,null,null,null,null,null,null
3923,8.23617,108,null,null,null,null,null,null,null,null,null,null,null,null
3924,8.23633,124,null,null,null,null,null,null,null,null,null,null,null,null
3925,8.23657,125,null,null,null,null,null,null,null,null,null,null,null,null
3926,8.23672,107,null,null,null,null,null,null,null,null,null,null,null,null
3927,8.23685,85,null,null,null,null,null,null,null,null,null,null,null,null
3928,8.23698,71,null,null,null,null,null,null,null,null,null,null,null,null
3929,8.23712,54,null,null,null,null,null,null,null,null,null,null,null,null
3930,8.23724,65,null,null,null,null,null,null,null,null,null,null,null,null
3931,8.23736,80,null,null,null,null,null,null,null,null,null,null,null,null
3932,8.23747,60,null,null,null,null,null,null,null,null,null,null,null,null
3933,8.23758,33,null,null,null,null,null,null,null,null,null,null,null,null
3934,8.23785,27,null,null,null,null,null,null,null,null,null,null,null,null
3935,8.23800,32,null,null,null,null,null,null,null,null,null,null,null,null
3936,8.23818,20,null,null,null,null,null,null,null,null,null,null,null,null
3937,8.28010,16,null,null,null,null,null,null,null,null,null,null,null,null
3938,8.28042,24,null,null,null,null,null,null,null,null,null,null,null,null
3939,8.28071,12,null,null,null,null,null,null,null,null,null,null,null,null
3940,8.28101,-23,null,null,null,null,null,null,null,null,null,null,null,null
3941,8.28125,-29,null,null,null,null,null,null,null,null,null,null,null,null
3942,8.28141,5,null,null,null,null,null,null,null,null,null,null,null,null
3943,8.28168,44,null,null,null,null,null,null,null,null,null,null,null,null
3944,8.28212,52,null,null,null,null,null,null,null,null,null,null,null,null
3945,8.28243,32,null,null,null,null,null,null,null,null,null,null,null,null
3946,8.28263,23,null,null,null,null,null,null,null,null,null,null,null,null
3947,8.28285,29,null,null,null,null,null,null,null,null,null,null,null,null
3948,8.28314,44,null,null,null,null,null,null,null,null,null,null,null,null
3949,8.28335,53,null,null,null,null,null,null,null,null,null,null,null,null
3950,8.28361,52,null,null,null,null,null,null,null,null,null,null,null,null
3951,8.28392,55,null,null,null,null,null,null,null,null,null,null,null,null
3952,8.28409,48,null,null,null,null,null,null,null,null,null,null,null,null
3953,8.28457,27,null,null,null,null,null,null,null,null,null,null,null,null
3954,8.28482,33,null,null,null,null,null,null,null,null,null,null,null,null
3955,8.28501,66,null,null,null,null,null,null,null,null,null,null,null,null
3956,8.32178,86,null,null,null,null,null,null,null,null,null,null,null,null
3957,8.32202,80,null,null,null,null,null,null,null,null,null,null,null,null
3958,8.32243,75,null,null,null,null,null,null,null,null,null,null,null,null
3959,8.32263,100,null,null,null,null,null,null,null,null,null,null,null,null
3960,8.32289,128,null,null,null,null,null,null,null,null,null,null,null,null
3961,8.32314,121,null,null,null,null,null,null,null,null,null,null,null,null
3962,8.32333,99,null,null,null,null,null,null,null,null,null,null,null,null
3963,8.32349,108,null,null,null,null,null,null,null,null,null,null,null,null
3964,8.32363,118,null,null,null,null,null,null,null,null,null,null,null,null
3965,8.32378,104,null,null,null,null,null,null,null,null,null,null,null,null
3966,8.32390,81,null,null,null,null,null,null,null,null,null,null,null,null
3967,8.32404,67,null,null,null,null,null,null,null,null,null,null,null,null
3968,8.32418,75,null,null,null,null,null,null,null,null,null,null,null,null
3969,8.32431,91,null,null,null,null,null,null,null,null,null,null,null,null
3970,8.32445,89,null,null,null,null,null,null,null,null,null,null,null,null
3971,8.32458,82,null,null,null,null,null,null,null,null,null,null,null,null
3972,8.32474,85,null,null,null,null,null,null,null,null,null,null,null,null
3973,8.32491,96,null,null,null,null,null,null,null,null,null,null,null,null
3974,8.32504,93,null,null,null,null,null,null,null,null,null,null,null,null
3975,8.32523,74,null,null,null,null,null,null,null,null,null,null,null,null
3976,8.34743,51,null,null,null,null,null,null,null,null,null,null,null,null
3977,8.34771,49,null,null,null,null,null,null,null,null,null,null,null,null
3978,8.34803,51,null,null,null,null,null,null,null,null,null,null,null,null
3979,8.34833,35,null,null,null,null,null,null,null,null,null,null,null,null
3980,8.34863,23,null,null,null,null,null,null,null,null,null,null,null,null
3981,8.34880,22,null,null,null,null,null,null,null,null,null,null,null,null
3982,8.34895,18,null,null,null,null,null,null,null,null,null,null,null,null
3983,8.34909,16,null,null,null,null,null,null,null,null,null,null,null,null
3984,8.34929,27,null,null,null,null,null,null,null,null,null,null,null,null
3985,8.34948,52,null,null,null,null,null,null,null,null,null,null,null,null
3986,8.34964,67,null,null,null,null,null,null,null,null,null,null,null,null
3987,8.34979,48,null,null,null,null,null,null,null,null,null,null,null,null
3988,8.35008,23,null,null,null,null,null,null,null,null,null,null,null,null
3989,8.35037,27,null,null,null,null,null,null,null,null,null,null,null,null
3990,8.35066,68,null,null,null,null,null,null,null,null,null,null,null,null
3991,8.35094,89,null,null,null,null,null,null,null,null,null,null,null,null
3992,8.35113,73,null,null,null,null,null,null,null,null,null,null,null,null
3993,8.35129,68,null,null,null,null,null,null,null,null,null,null,null,null
3994,8.35168,74,null,null,null,null,null,null,null,null,null,null,null,null
3995,8.35184,71,null,null,null,null,null,null,null,null,null,null,null,null
3996,8.39162,50,null,null,null,null,null,null,null,null,null,null,null,null
3997,8.39186,26,null,null,null,null,null,null,null,null,null,null,null,null
3998,8.39204,24,null,null,null,null,null,null,null,null,null,null,null,null
3999,8.39230,36,null,null,null,null,null,null,null,null,null,null,null,null
4000,8.39246,34,null,null,null,null,null,null,null,null,null,null,null,null
4001,8.39264,34,null,null,null,null,null,null,null,null,null,null,null,null
4002,8.39280,52,null,null,null,null,null,null,null,null,null,null,null,null
4003,8.39293,64,null,null,null,null,null,null,null,null,null,null,null,null
4004,8.39306,53,null,null,null,null,null,null,null,null,null,null,null,null
4005,8.39324,41,null,null,null,null,null,null,null,null,null,null,null,null
4006,8.39350,55,null,null,null,null,null,null,null,null,null,null,null,null
4007,8.39366,82,null,null,null,null,null,null,null,null,null,null,null,null
4008,8.39384,75,null,null,null,null,null,null,null,null,null,null,null,null
4009,8.39399,44,null,null,null,null,null,null,null,null,null,null,null,null
4010,8.39412,41,null,null,null,null,null,null,null,null,null,null,null,null
4011,8.39424,57,null,null,null,null,null,null,null,null,null,null,null,null
4012,8.39437,57,null,null,null,null,null,null,null,null,null,null,null,null
4013,8.39451,48,null,null,null,null,null,null,null,null,null,null,null,null
4014,8.39467,40,null,null,null,null,null,null,null,null,null,null,null,null
4015,8.42396,58,null,null,null,null,null,null,null,null,null,null,null,null
4016,8.42428,80,null,null,null,null,null,null,null,null,null,null,null,null
4017,8.42459,57,null,null,null,null,null,null,null,null,null,null,null,null
4018,8.42481,16,null,null,null,null,null,null,null,null,null,null,null,null
4019,8.42506,9,null,null,null,null,null,null,null,null,null,null,null,null
4020,8.42521,32,null,null,null,null,null,null,null,null,null,null,null,null
4021,8.42534,25,null,null,null,null,null,null,null,null,null,null,null,null
4022,8.42546,3,null,null,null,null,null,null,null,null,null,null,null,null
4023,8.42565,10,null,null,null,null,null,null,null,null,null,null,null,null
4024,8.42580,33,null,null,null,null,null,null,null,null,null,null,null,null
4025,8.42594,27,null,null,null,null,null,null,null,null,null,null,null,null
4026,8.42609,19,null,null,null,null,null,null,null,null,null,null,null,null
4027,8.42624,33,null,null,null,null,null,null,null,null,null,null,null,null
4028,8.42640,68,null,null,null,null,null,null,null,null,null,null,null,null
4029,8.42657,73,null,null,null,null,null,null,null,null,null,null,null,null
4030,8.42683,45,null,null,null,null,null,null,null,null,null,null,null,null
4031,8.42707,28,null,null,null,null,null,null,null,null,null,null,null,null
4032,8.42722,41,null,null,null,null,null,null,null,null,null,null,null,null
4033,8.42736,43,null,null,null,null,null,null,null,null,null,null,null,null
4034,8.42748,37,null,null,null,null,null,null,null,null,null,null,null,null
4035,8.45993,41,null,null,null,null,null,null,null,null,null,null,null,null
4036,8.46030,55,null,null,null,null,null,null,null,null,null,null,null,null
4037,8.46061,50,null,null,null,null,null,null,null,null,null,null,null,null
4038,8.46082,18,null,null,null,null,null,null,null,null,null,null,null,null
4039,8.46107,1,null,null,null,null,null,null,null,null,null,null,null,null
4040,8.46126,16,null,null,null,null,null,null,null,null,null,null,null,null
4041,8.46141,43,null,null,null,null,null,null,null,null,null,null,null,null
4042,8.46158,61,null,null,null,null,null,null,null,null,null,null,null,null
4043,8.46179,58,null,null,null,null,null,null,null,null,null,null,null,null
4044,8.46194,58,null,null,null,null,null,null,null,null,null,null,null,null
4045,8.46207,75,null,null,null,null,null,null,null,null,null,null,null,null
4046,8.46219,80,null,null,null,null,null,null,null,null,null,null,null,null
4047,8.46232,71,null,null,null,null,null,null,null,null,null,null,null,null
4048,8.46247,74,null,null,null,null,null,null,null,null,null,null,null,null
4049,8.46259,99,null,null,null,null,null,null,null,null,null,null,null,null
4050,8.46276,119,null,null,null,null,null,null,null,null,null,null,null,null
4051,8.46292,113,null,null,null,null,null,null,null,null,null,null,null,null
4052,8.46307,104,null,null,null,null,null,null,null,null,null,null,null,null
4053,8.46319,119,null,null,null,null,null,null,null,null,null,null,null,null
4054,8.50507,141,null,null,null,null,null,null,null,null,null,null,null,null
4055,8.50534,146,null,null,null,null,null,null,null,null,null,null,null,null
4056,8.50557,133,null,null,null,null,null,null,null,null,null,null,null,null
4057,8.50584,119,null,null,null,null,null,null,null,null,null,null,null,null
4058,8.50603,128,null,null,null,null,null,null,null,null,null,null,null,null
4059,8.50623,137,null,null,null,null,null,null,null,null,null,null,null,null
4060,8.50646,122,null,null,null,null,null,null,null,null,null,null,null,null
4061,8.50663,102,null,null,null,null,null,null,null,null,null,null,null,null
4062,8.50676,89,null,null,null,null,null,null,null,null,null,null,null,null
4063,8.50690,69,null,null,null,null,null,null,null,null,null,null,null,null
4064,8.50705,39,null,null,null,null,null,null,null,null,null,null,null,null
4065,8.50721,18,null,null,null,null,null,null,null,null,null,null,null,null
4066,8.50739,26,null,null,null,null,null,null,null,null,null,null,null,null
4067,8.50752,40,null,null,null,null,null,null,null,null,null,null,null,null
4068,8.50764,39,null,null,null,null,null,null,null,null,null,null,null,null
4069,8.50780,41,null,null,null,null,null,null,null,null,null,null,null,null
4070,8.50796,71,null,null,null,null,null,null,null,null,null,null,null,null
4071,8.50813,105,null,null,null,null,null,null,null,null,null,null,null,null
4072,8.50828,120,null,null,null,null,null,null,null,null,null,null,null,null
4073,8.50844,124,null,null,null,null,null,null,null,null,null,null,null,null
4074,8.55066,151,null,null,null,null,null,null,null,null,null,null,null,null
4075,8.55132,185,null,null,null,null,null,null,null,null,null,null,null,null
4076,8.55210,214,null,null,null,null,null,null,null,null,null,null,null,null
4077,8.55246,231,null,null,null,null,null,null,null,null,null,null,null,null
4078,8.55300,246,null,null,null,null,null,null,null,null,null,null,null,null
4079,8.55332,266,null,null,null,null,null,null,null,null,null,null,null,null
4080,8.55371,308,null,null,null,null,null,null,null,null,null,null,null,null
4081,8.55427,346,null,null,null,null,null,null,null,null,null,null,null,null
4082,8.55447,391,null,null,null,null,null,null,null,null,null,null,null,null
4083,8.55482,444,null,null,null,null,null,null,null,null,null,null,null,null
4084,8.55497,488,null,null,null,null,null,null,null,null,null,null,null,null
4085,8.55510,489,null,null,null,null,null,null,null,null,null,null,null,null
4086,8.55523,490,null,null,null,null,null,null,null,null,null,null,null,null
4087,8.55546,509,null,null,null,null,null,null,null,null,null,null,null,null
4088,8.55570,517,null,null,null,null,null,null,null,null,null,null,null,null
4089,8.55594,529,null,null,null,null,null,null,null,null,null,null,null,null
4090,8.55607,528,null,null,null,null,null,null,null,null,null,null,null,null
4091,8.55677,509,null,null,null,null,null,null,null,null,null,null,null,null
4092,8.55693,497,null,null,null,null,null,null,null,null,null,null,null,null
4093,8.55708,482,null,null,null,null,null,null,null,null,null,null,null,null
4094,8.57193,457,null,null,null,null,null,null,null,null,null,null,null,null
4095,8.57231,442,null,null,null,null,null,null,null,null,null,null,null,null
4096,8.57274,448,null,null,null,null,null,null,null,null,null,null,null,null
4097,8.57303,436,null,null,null,null,null,null,null,null,null,null,null,null
4098,8.57331,404,null,null,null,null,null,null,null,null,null,null,null,null
4099,8.57346,379,null,null,null,null,null,null,null,null,null,null,null,null
4100,8.57360,369,null,null,null,null,null,null,null,null,null,null,null,null
4101,8.57374,345,null,null,null,null,null,null,null,null,null,null,null,null
4102,8.57387,306,null,null,null,null,null,null,null,null,null,null,null,null
4103,8.57402,260,null,null,null,null,null,null,null,null,null,null,null,null
4104,8.57415,231,null,null,null,null,null,null,null,null,null,null,null,null
4105,8.57429,212,null,null,null,null,null,null,null,null,null,null,null,null
4106,8.57442,182,null,null,null,null,null,null,null,null,null,null,null,null
4107,8.57459,144,null,null,null,null,null,null,null,null,null,null,null,null
4108,8.57475,118,null,null,null,null,null,null,null,null,null,null,null,null
4109,8.57495,109,null,null,null,null,null,null,null,null,null,null,null,null
4110,8.57510,100,null,null,null,null,null,null,null,null,null,null,null,null
4111,8.57524,72,null,null,null,null,null,null,null,null,null,null,null,null
4112,8.57535,49,null,null,null,null,null,null,null,null,null,null,null,null
4113,8.64822,41,null,null,null,null,null,null,null,null,null,null,null,null
4114,8.64852,5,null,null,null,null,null,null,null,null,null,null,null,null
4115,8.65542,-50,null,null,null,null,null,null,null,null,null,null,null,null
4116,8.65613,-82,null,null,null,null,null,null,null,null,null,null,null,null
4117,8.65664,-89,null,null,null,null,null,null,null,null,null,null,null,null
4118,8.65710,-101,null,null,null,null,null,null,null,null,null,null,null,null
4119,8.65736,-125,null,null,null,null,null,null,null,null,null,null,null,null
4120,8.65754,-162,null,null,null,null,null,null,null,null,null,null,null,null
4121,8.65773,-172,null,null,null,null,null,null,null,null,null,null,null,null
4122,8.65795,-170,null,null,null,null,null,null,null,null,null,null,null,null
4123,8.65813,-184,null,null,null,null,null,null,null,null,null,null,null,null
4124,8.65829,-211,null,null,null,null,null,null,null,null,null,null,null,null
4125,8.65849,-209,null,null,null,null,null,null,null,null,null,null,null,null
4126,8.65868,-186,null,null,null,null,null,null,null,null,null,null,null,null
4127,8.65885,-173,null,null,null,null,null,null,null,null,null,null,null,null
4128,8.65905,-182,null,null,null,null,null,null,null,null,null,null,null,null
4129,8.65919,-198,null,null,null,null,null,null,null,null,null,null,null,null
4130,8.65936,-205,null,null,null,null,null,null,null,null,null,null,null,null
4131,8.65951,-198,null,null,null,null,null,null,null,null,null,null,null,null
4132,8.65971,-194,null,null,null,null,null,null,null,null,null,null,null,null
4133,8.66240,-202,null,null,null,null,null,null,null,null,null,null,null,null
4134,8.66265,-183,null,null,null,null,null,null,null,null,null,null,null,null
4135,8.67587,-166,null,null,null,null,null,null,null,null,null,null,null,null
4136,8.67710,-189,null,null,null,null,null,null,null,null,null,null,null,null
4137,8.67755,-211,null,null,null,null,null,null,null,null,null,null,null,null
4138,8.67790,-201,null,null,null,null,null,null,null,null,null,null,null,null
4139,8.67870,-193,null,null,null,null,null,null,null,null,null,null,null,null
4140,8.67928,-182,null,null,null,null,null,null,null,null,null,null,null,null
4141,8.67962,-196,null,null,null,null,null,null,null,null,null,null,null,null
4142,8.67997,-230,null,null,null,null,null,null,null,null,null,null,null,null
4143,8.68014,-235,null,null,null,null,null,null,null,null,null,null,null,null
4144,8.68045,-220,null,null,null,null,null,null,null,null,null,null,null,null
4145,8.68081,-226,null,null,null,null,null,null,null,null,null,null,null,null
4146,8.68106,-233,null,null,null,null,null,null,null,null,null,null,null,null
4147,8.68133,-225,null,null,null,null,null,null,null,null,null,null,null,null
4148,8.68158,-212,null,null,null,null,null,null,null,null,null,null,null,null
4149,8.68194,-211,null,null,null,null,null,null,null,null,null,null,null,null
4150,8.68222,-221,null,null,null,null,null,null,null,null,null,null,null,null
4151,8.68236,-233,null,null,null,null,null,null,null,null,null,null,null,null
4152,8.68248,-230,null,null,null,null,null,null,null,null,null,null,null,null
4153,8.68499,-222,null,null,null,null,null,null,null,null,null,null,null,null
4154,8.68551,-229,null,null,null,null,null,null,null,null,null,null,null,null
4155,8.68621,-237,null,null,null,null,null,null,null,null,null,null,null,null
4156,8.68657,-235,null,null,null,null,null,null,null,null,null,null,null,null
4157,8.68701,-218,null,null,null,null,null,null,null,null,null,null,null,null
4158,8.68719,-231,null,null,null,null,null,null,null,null,null,null,null,null
4159,8.68735,-257,null,null,null,null,null,null,null,null,null,null,null,null
4160,8.68767,-245,null,null,null,null,null,null,null,null,null,null,null,null
4161,8.68838,-221,null,null,null,null,null,null,null,null,null,null,null,null
4162,8.68869,-204,null,null,null,null,null,null,null,null,null,null,null,null
4163,8.68895,-201,null,null,null,null,null,null,null,null,null,null,null,null
4164,8.68910,-205,null,null,null,null,null,null,null,null,null,null,null,null
4165,8.68923,-201,null,null,null,null,null,null,null,null,null,null,null,null
4166,8.68951,-210,null,null,null,null,null,null,null,null,null,null,null,null
4167,8.68966,-225,null,null,null,null,null,null,null,null,null,null,null,null
4168,8.68979,-218,null,null,null,null,null,null,null,null,null,null,null,null
4169,8.68999,-188,null,null,null,null,null,null,null,null,null,null,null,null
4170,8.69017,-164,null,null,null,null,null,null,null,null,null,null,null,null
4171,8.69036,-166,null,null,null,null,null,null,null,null,null,null,null,null
4172,8.72980,-171,null,null,null,null,null,null,null,null,null,null,null,null
4173,8.73009,-167,null,null,null,null,null,null,null,null,null,null,null,null
4174,8.73037,-145,null,null,null,null,null,null,null,null,null,null,null,null
4175,8.73072,-136,null,null,null,null,null,null,null,null,null,null,null,null
4176,8.73094,-137,null,null,null,null,null,null,null,null,null,null,null,null
4177,8.73115,-114,null,null,null,null,null,null,null,null,null,null,null,null
4178,8.73133,-85,null,null,null,null,null,null,null,null,null,null,null,null
4179,8.73147,-78,null,null,null,null,null,null,null,null,null,null,null,null
4180,8.73160,-81,null,null,null,null,null,null,null,null,null,null,null,null
4181,8.73180,-52,null,null,null,null,null,null,null,null,null,null,null,null
4182,8.73200,-19,null,null,null,null,null,null,null,null,null,null,null,null
4183,8.73220,-10,null,null,null,null,null,null,null,null,null,null,null,null
4184,8.73233,-10,null,null,null,null,null,null,null,null,null,null,null,null
4185,8.73246,17,null,null,null,null,null,null,null,null,null,null,null,null
4186,8.73258,52,null,null,null,null,null,null,null,null,null,null,null,null
4187,8.73274,60,null,null,null,null,null,null,null,null,null,null,null,null
4188,8.73290,34,null,null,null,null,null,null,null,null,null,null,null,null
4189,8.73305,29,null,null,null,null,null,null,null,null,null,null,null,null
4190,8.73318,74,null,null,null,null,null,null,null,null,null,null,null,null
4191,8.73335,96,null,null,null,null,null,null,null,null,null,null,null,null
4192,8.77475,73,null,null,null,null,null,null,null,null,null,null,null,null
4193,8.77505,65,null,null,null,null,null,null,null,null,null,null,null,null
4194,8.77537,73,null,null,null,null,null,null,null,null,null,null,null,null
4195,8.77579,84,null,null,null,null,null,null,null,null,null,null,null,null
4196,8.77607,85,null,null,null,null,null,null,null,null,null,null,null,null
4197,8.77642,85,null,null,null,null,null,null,null,null,null,null,null,null
4198,8.77662,86,null,null,null,null,null,null,null,null,null,null,null,null
4199,8.77677,87,null,null,null,null,null,null,null,null,null,null,null,null
4200,8.77698,81,null,null,null,null,null,null,null,null,null,null,null,null
4201,8.77713,50,null,null,null,null,null,null,null,null,null,null,null,null
4202,8.77729,48,null,null,null,null,null,null,null,null,null,null,null,null
4203,8.77748,67,null,null,null,null,null,null,null,null,null,null,null,null
4204,8.77764,66,null,null,null,null,null,null,null,null,null,null,null,null
4205,8.77780,34,null,null,null,null,null,null,null,null,null,null,null,null
4206,8.77794,7,null,null,null,null,null,null,null,null,null,null,null,null
4207,8.77807,5,null,null,null,null,null,null,null,null,null,null,null,null
4208,8.77819,19,null,null,null,null,null,null,null,null,null,null,null,null
4209,8.77834,0,null,null,null,null,null,null,null,null,null,null,null,null
4210,8.77848,-43,null,null,null,null,null,null,null,null,null,null,null,null
4211,8.82023,-61,null,null,null,null,null,null,null,null,null,null,null,null
4212,8.82050,-67,null,null,null,null,null,null,null,null,null,null,null,null
4213,8.82080,-82,null,null,null,null,null,null,null,null,null,null,null,null
4214,8.82110,-89,null,null,null,null,null,null,null,null,null,null,null,null
4215,8.82132,-73,null,null,null,null,null,null,null,null,null,null,null,null
4216,8.82159,-56,null,null,null,null,null,null,null,null,null,null,null,null
4217,8.82180,-58,null,null,null,null,null,null,null,null,null,null,null,null
4218,8.82197,-71,null,null,null,null,null,null,null,null,null,null,null,null
4219,8.82212,-58,null,null,null,null,null,null,null,null,null,null,null,null
4220,8.82225,-28,null,null,null,null,null,null,null,null,null,null,null,null
4221,8.82240,-10,null,null,null,null,null,null,null,null,null,null,null,null
4222,8.82257,-8,null,null,null,null,null,null,null,null,null,null,null,null
4223,8.82273,5,null,null,null,null,null,null,null,null,null,null,null,null
4224,8.82295,27,null,null,null,null,null,null,null,null,null,null,null,null
4225,8.82312,52,null,null,null,null,null,null,null,null,null,null,null,null
4226,8.82329,69,null,null,null,null,null,null,null,null,null,null,null,null
4227,8.82360,77,null,null,null,null,null,null,null,null,null,null,null,null
4228,8.82377,107,null,null,null,null,null,null,null,null,null,null,null,null
4229,8.82389,150,null,null,null,null,null,null,null,null,null,null,null,null
4230,8.82410,184,null,null,null,null,null,null,null,null,null,null,null,null
4231,8.84414,200,null,null,null,null,null,null,null,null,null,null,null,null
4232,8.84442,216,null,null,null,null,null,null,null,null,null,null,null,null
4233,8.84638,237,null,null,null,null,null,null,null,null,null,null,null,null
4234,8.84759,235,null,null,null,null,null,null,null,null,null,null,null,null
4235,8.85105,224,null,null,null,null,null,null,null,null,null,null,null,null
4236,8.85138,237,null,null,null,null,null,null,null,null,null,null,null,null
4237,8.85169,273,null,null,null,null,null,null,null,null,null,null,null,null
4238,8.85194,273,null,null,null,null,null,null,null,null,null,null,null,null
4239,8.85217,231,null,null,null,null,null,null,null,null,null,null,null,null
4240,8.85235,199,null,null,null,null,null,null,null,null,null,null,null,null
4241,8.85249,194,null,null,null,null,null,null,null,null,null,null,null,null
4242,8.85264,192,null,null,null,null,null,null,null,null,null,null,null,null
4243,8.85294,171,null,null,null,null,null,null,null,null,null,null,null,null
4244,8.85308,145,null,null,null,null,null,null,null,null,null,null,null,null
4245,8.85321,136,null,null,null,null,null,null,null,null,null,null,null,null
4246,8.85338,137,null,null,null,null,null,null,null,null,null,null,null,null
4247,8.85353,115,null,null,null,null,null,null,null,null,null,null,null,null
4248,8.85385,73,null,null,null,null,null,null,null,null,null,null,null,null
4249,8.85403,50,null,null,null,null,null,null,null,null,null,null,null,null
4250,8.85417,56,null,null,null,null,null,null,null,null,null,null,null,null
4251,8.88725,60,null,null,null,null,null,null,null,null,null,null,null,null
4252,8.88752,49,null,null,null,null,null,null,null,null,null,null,null,null
4253,8.88782,22,null,null,null,null,null,null,null,null,null,null,null,null
4254,8.88814,11,null,null,null,null,null,null,null,null,null,null,null,null
4255,8.88842,22,null,null,null,null,null,null,null,null,null,null,null,null
4256,8.88862,32,null,null,null,null,null,null,null,null,null,null,null,null
4257,8.88878,4,null,null,null,null,null,null,null,null,null,null,null,null
4258,8.88894,-35,null,null,null,null,null,null,null,null,null,null,null,null
4259,8.88908,-54,null,null,null,null,null,null,null,null,null,null,null,null
4260,8.88921,-55,null,null,null,null,null,null,null,null,null,null,null,null
4261,8.88935,-42,null,null,null,null,null,null,null,null,null,null,null,null
4262,8.88947,-34,null,null,null,null,null,null,null,null,null,null,null,null
4263,8.88960,-25,null,null,null,null,null,null,null,null,null,null,null,null
4264,8.88972,-21,null,null,null,null,null,null,null,null,null,null,null,null
4265,8.88990,-12,null,null,null,null,null,null,null,null,null,null,null,null
4266,8.89009,1,null,null,null,null,null,null,null,null,null,null,null,null
4267,8.89027,19,null,null,null,null,null,null,null,null,null,null,null,null
4268,8.89044,28,null,null,null,null,null,null,null,null,null,null,null,null
4269,8.89057,37,null,null,null,null,null,null,null,null,null,null,null,null
4270,8.93219,66,null,null,null,null,null,null,null,null,null,null,null,null
4271,8.93246,112,null,null,null,null,null,null,null,null,null,null,null,null
4272,8.93294,132,null,null,null,null,null,null,null,null,null,null,null,null
4273,8.93329,115,null,null,null,null,null,null,null,null,null,null,null,null
4274,8.93358,91,null,null,null,null,null,null,null,null,null,null,null,null
4275,8.93385,100,null,null,null,null,null,null,null,null,null,null,null,null
4276,8.93400,117,null,null,null,null,null,null,null,null,null,null,null,null
4277,8.93414,120,null,null,null,null,null,null,null,null,null,null,null,null
4278,8.93541,116,null,null,null,null,null,null,null,null,null,null,null,null
4279,8.93623,130,null,null,null,null,null,null,null,null,null,null,null,null
4280,8.93639,162,null,null,null,null,null,null,null,null,null,null,null,null
4281,8.93681,173,null,null,null,null,null,null,null,null,null,null,null,null
4282,8.93698,161,null,null,null,null,null,null,null,null,null,null,null,null
4283,8.93713,148,null,null,null,null,null,null,null,null,null,null,null,null
4284,8.93731,154,null,null,null,null,null,null,null,null,null,null,null,null
4285,8.93744,156,null,null,null,null,null,null,null,null,null,null,null,null
4286,8.93756,137,null,null,null,null,null,null,null,null,null,null,null,null
4287,8.93771,124,null,null,null,null,null,null,null,null,null,null,null,null
4288,8.93784,136,null,null,null,null,null,null,null,null,null,null,null,null
4289,8.93798,145,null,null,null,null,null,null,null,null,null,null,null,null
4290,8.95693,123,null,null,null,null,null,null,null,null,null,null,null,null
4291,8.95721,107,null,null,null,null,null,null,null,null,null,null,null,null
4292,8.95756,121,null,null,null,null,null,null,null,null,null,null,null,null
4293,8.95787,124,null,null,null,null,null,null,null,null,null,null,null,null
4294,8.95812,93,null,null,null,null,null,null,null,null,null,null,null,null
4295,8.95826,69,null,null,null,null,null,null,null,null,null,null,null,null
4296,8.95840,75,null,null,null,null,null,null,null,null,null,null,null,null
4297,8.95852,97,null,null,null,null,null,null,null,null,null,null,null,null
4298,8.95868,104,null,null,null,null,null,null,null,null,null,null,null,null
4299,8.95885,92,null,null,null,null,null,null,null,null,null,null,null,null
4300,8.95902,90,null,null,null,null,null,null,null,null,null,null,null,null
4301,8.95918,88,null,null,null,null,null,null,null,null,null,null,null,null
4302,8.95934,73,null,null,null,null,null,null,null,null,null,null,null,null
4303,8.95951,60,null,null,null,null,null,null,null,null,null,null,null,null
4304,8.95965,61,null,null,null,null,null,null,null,null,null,null,null,null
4305,8.95977,70,null,null,null,null,null,null,null,null,null,null,null,null
4306,8.95991,82,null,null,null,null,null,null,null,null,null,null,null,null
4307,8.96009,76,null,null,null,null,null,null,null,null,null,null,null,null
4308,8.96023,57,null,null,null,null,null,null,null,null,null,null,null,null
4309,8.96035,53,null,null,null,null,null,null,null,null,null,null,null,null
4310,8.99970,66,null,null,null,null,null,null,null,null,null,null,null,null
4311,8.99995,57,null,null,null,null,null,null,null,null,null,null,null,null
4312,9.00054,12,null,null,null,null,null,null,null,null,null,null,null,null
4313,9.00085,-17,null,null,null,null,null,null,null,null,null,null,null,null
4314,9.00125,-13,null,null,null,null,null,null,null,null,null,null,null,null
4315,9.00150,-8,null,null,null,null,null,null,null,null,null,null,null,null
4316,9.00171,-27,null,null,null,null,null,null,null,null,null,null,null,null
4317,9.00212,-45,null,null,null,null,null,null,null,null,null,null,null,null
4318,9.00234,-29,null,null,null,null,null,null,null,null,null,null,null,null
4319,9.00249,-6,null,null,null,null,null,null,null,null,null,null,null,null
4320,9.00275,-7,null,null,null,null,null,null,null,null,null,null,null,null
4321,9.00292,-17,null,null,null,null,null,null,null,null,null,null,null,null
4322,9.00328,-8,null,null,null,null,null,null,null,null,null,null,null,null
4323,9.00347,9,null,null,null,null,null,null,null,null,null,null,null,null
4324,9.00408,25,null,null,null,null,null,null,null,null,null,null,null,null
4325,9.00428,25,null,null,null,null,null,null,null,null,null,null,null,null
4326,9.00443,36,null,null,null,null,null,null,null,null,null,null,null,null
4327,9.00456,54,null,null,null,null,null,null,null,null,null,null,null,null
4328,9.00475,56,null,null,null,null,null,null,null,null,null,null,null,null
4329,9.05096,57,null,null,null,null,null,null,null,null,null,null,null,null
4330,9.05129,84,null,null,null,null,null,null,null,null,null,null,null,null
4331,9.05166,120,null,null,null,null,null,null,null,null,null,null,null,null
4332,9.05201,138,null,null,null,null,null,null,null,null,null,null,null,null
4333,9.05239,122,null,null,null,null,null,null,null,null,null,null,null,null
4334,9.05260,102,null,null,null,null,null,null,null,null,null,null,null,null
4335,9.05295,99,null,null,null,null,null,null,null,null,null,null,null,null
4336,9.05316,89,null,null,null,null,null,null,null,null,null,null,null,null
4337,9.05335,73,null,null,null,null,null,null,null,null,null,null,null,null
4338,9.05350,57,null,null,null,null,null,null,null,null,null,null,null,null
4339,9.05363,68,null,null,null,null,null,null,null,null,null,null,null,null
4340,9.05379,76,null,null,null,null,null,null,null,null,null,null,null,null
4341,9.05396,72,null,null,null,null,null,null,null,null,null,null,null,null
4342,9.05411,77,null,null,null,null,null,null,null,null,null,null,null,null
4343,9.05432,99,null,null,null,null,null,null,null,null,null,null,null,null
4344,9.05461,113,null,null,null,null,null,null,null,null,null,null,null,null
4345,9.05495,101,null,null,null,null,null,null,null,null,null,null,null,null
4346,9.05526,73,null,null,null,null,null,null,null,null,null,null,null,null
4347,9.05554,77,null,null,null,null,null,null,null,null,null,null,null,null
4348,9.05569,118,null,null,null,null,null,null,null,null,null,null,null,null
4349,9.06735,145,null,null,null,null,null,null,null,null,null,null,null,null
4350,9.06763,116,null,null,null,null,null,null,null,null,null,null,null,null
4351,9.06792,86,null,null,null,null,null,null,null,null,null,null,null,null
4352,9.06813,80,null,null,null,null,null,null,null,null,null,null,null,null
4353,9.06838,84,null,null,null,null,null,null,null,null,null,null,null,null
4354,9.06854,85,null,null,null,null,null,null,null,null,null,null,null,null
4355,9.06872,90,null,null,null,null,null,null,null,null,null,null,null,null
4356,9.06894,105,null,null,null,null,null,null,null,null,null,null,null,null
4357,9.06909,122,null,null,null,null,null,null,null,null,null,null,null,null
4358,9.06922,108,null,null,null,null,null,null,null,null,null,null,null,null
4359,9.06936,81,null,null,null,null,null,null,null,null,null,null,null,null
4360,9.06948,77,null,null,null,null,null,null,null,null,null,null,null,null
4361,9.06963,108,null,null,null,null,null,null,null,null,null,null,null,null
4362,9.06974,121,null,null,null,null,null,null,null,null,null,null,null,null
4363,9.06990,96,null,null,null,null,null,null,null,null,null,null,null,null
4364,9.07004,64,null,null,null,null,null,null,null,null,null,null,null,null
4365,9.07019,27,null,null,null,null,null,null,null,null,null,null,null,null
4366,9.07038,7,null,null,null,null,null,null,null,null,null,null,null,null
4367,9.07056,3,null,null,null,null,null,null,null,null,null,null,null,null
4368,9.13053,11,null,null,null,null,null,null,null,null,null,null,null,null
4369,9.13092,41,null,null,null,null,null,null,null,null,null,null,null,null
4370,9.13132,56,null,null,null,null,null,null,null,null,null,null,null,null
4371,9.13163,43,null,null,null,null,null,null,null,null,null,null,null,null
4372,9.13200,20,null,null,null,null,null,null,null,null,null,null,null,null
4373,9.13239,10,null,null,null,null,null,null,null,null,null,null,null,null
4374,9.13261,33,null,null,null,null,null,null,null,null,null,null,null,null
4375,9.13332,57,null,null,null,null,null,null,null,null,null,null,null,null
4376,9.13363,71,null,null,null,null,null,null,null,null,null,null,null,null
4377,9.13389,75,null,null,null,null,null,null,null,null,null,null,null,null
4378,9.13419,80,null,null,null,null,null,null,null,null,null,null,null,null
4379,9.13441,64,null,null,null,null,null,null,null,null,null,null,null,null
4380,9.13457,32,null,null,null,null,null,null,null,null,null,null,null,null
4381,9.13494,22,null,null,null,null,null,null,null,null,null,null,null,null
4382,9.13553,48,null,null,null,null,null,null,null,null,null,null,null,null
4383,9.13610,67,null,null,null,null,null,null,null,null,null,null,null,null
4384,9.13627,59,null,null,null,null,null,null,null,null,null,null,null,null
4385,9.13647,40,null,null,null,null,null,null,null,null,null,null,null,null
4386,9.13664,33,null,null,null,null,null,null,null,null,null,null,null,null
4387,9.13679,44,null,null,null,null,null,null,null,null,null,null,null,null
4388,9.13732,66,null,null,null,null,null,null,null,null,null,null,null,null
4389,9.13753,null,11,78,996218,69276,10585,135385,61546,15568,4479,711,0,null
4390,9.13785,73,null,null,null,null,null,null,null,null,null,null,null,null
4391,9.13800,86,null,null,null,null,null,null,null,null,null,null,null,null
4392,9.13814,90,null,null,null,null,null,null,null,null,null,null,null,null
4393,9.13827,61,null,null,null,null,null,null,null,null,null,null,null,null
4394,9.13840,37,null,null,null,null,null,null,null,null,null,null,null,null
4395,9.13855,61,null,null,null,null,null,null,null,null,null,null,null,null
4396,9.13872,116,null,null,null,null,null,null,null,null,null,null,null,null
4397,9.13888,133,null,null,null,null,null,null,null,null,null,null,null,null
4398,9.13904,104,null,null,null,null,null,null,null,null,null,null,null,null
4399,9.13919,87,null,null,null,null,null,null,null,null,null,null,null,null
4400,9.13936,98,null,null,null,null,null,null,null,null,null,null,null,null
4401,9.13950,112,null,null,null,null,null,null,null,null,null,null,null,null
4402,9.13965,101,null,null,null,null,null,null,null,null,null,null,null,null
4403,9.13979,74,null,null,null,null,null,null,null,null,null,null,null,null
4404,9.17976,59,null,null,null,null,null,null,null,null,null,null,null,null
4405,9.18002,41,null,null,null,null,null,null,null,null,null,null,null,null
4406,9.18031,6,null,null,null,null,null,null,null,null,null,null,null,null
4407,9.18059,-9,null,null,null,null,null,null,null,null,null,null,null,null
4408,9.18084,27,null,null,null,null,null,null,null,null,null,null,null,null
4409,9.18100,81,null,null,null,null,null,null,null,null,null,null,null,null
4410,9.18114,88,null,null,null,null,null,null,null,null,null,null,null,null
4411,9.18129,75,null,null,null,null,null,null,null,null,null,null,null,null
4412,9.18142,66,null,null,null,null,null,null,null,null,null,null,null,null
4413,9.18155,53,null,null,null,null,null,null,null,null,null,null,null,null
4414,9.18169,32,null,null,null,null,null,null,null,null,null,null,null,null
4415,9.18197,24,null,null,null,null,null,null,null,null,null,null,null,null
4416,9.18213,37,null,null,null,null,null,null,null,null,null,null,null,null
4417,9.18226,50,null,null,null,null,null,null,null,null,null,null,null,null
4418,9.18240,51,null,null,null,null,null,null,null,null,null,null,null,null
4419,9.18253,49,null,null,null,null,null,null,null,null,null,null,null,null
4420,9.18269,52,null,null,null,null,null,null,null,null,null,null,null,null
4421,9.18282,41,null,null,null,null,null,null,null,null,null,null,null,null
4422,9.18335,23,null,null,null,null,null,null,null,null,null,null,null,null
4423,9.18360,18,null,null,null,null,null,null,null,null,null,null,null,null
4424,9.22471,33,null,null,null,null,null,null,null,null,null,null,null,null
4425,9.22498,51,null,null,null,null,null,null,null,null,null,null,null,null
4426,9.22531,49,null,null,null,null,null,null,null,null,null,null,null,null
4427,9.22606,32,null,null,null,null,null,null,null,null,null,null,null,null
4428,9.22667,4,null,null,null,null,null,null,null,null,null,null,null,null
4429,9.22693,-2,null,null,null,null,null,null,null,null,null,null,null,null
4430,9.22719,17,null,null,null,null,null,null,null,null,null,null,null,null
4431,9.22873,19,null,null,null,null,null,null,null,null,null,null,null,null
4432,9.22898,-2,null,null,null,null,null,null,null,null,null,null,null,null
4433,9.22913,-11,null,null,null,null,null,null,null,null,null,null,null,null
4434,9.22926,2,null,null,null,null,null,null,null,null,null,null,null,null
4435,9.22945,35,null,null,null,null,null,null,null,null,null,null,null,null
4436,9.22959,67,null,null,null,null,null,null,null,null,null,null,null,null
4437,9.22985,66,null,null,null,null,null,null,null,null,null,null,null,null
4438,9.23000,56,null,null,null,null,null,null,null,null,null,null,null,null
4439,9.23013,61,null,null,null,null,null,null,null,null,null,null,null,null
4440,9.23041,52,null,null,null,null,null,null,null,null,null,null,null,null
4441,9.23063,43,null,null,null,null,null,null,null,null,null,null,null,null
4442,9.23079,48,null,null,null,null,null,null,null,null,null,null,null,null
4443,9.27808,64,null,null,null,null,null,null,null,null,null,null,null,null
4444,9.27857,82,null,null,null,null,null,null,null,null,null,null,null,null
4445,9.28112,71,null,null,null,null,null,null,null,null,null,null,null,null
4446,9.28463,69,null,null,null,null,null,null,null,null,null,null,null,null
4447,9.28841,108,null,null,null,null,null,null,null,null,null,null,null,null
4448,9.29268,152,null,null,null,null,null,null,null,null,null,null,null,null
4449,9.29286,138,null,null,null,null,null,null,null,null,null,null,null,null
4450,9.29737,91,null,null,null,null,null,null,null,null,null,null,null,null
4451,9.29755,89,null,null,null,null,null,null,null,null,null,null,null,null
4452,9.30008,115,null,null,null,null,null,null,null,null,null,null,null,null
4453,9.30186,114,null,null,null,null,null,null,null,null,null,null,null,null
4454,9.30207,100,null,null,null,null,null,null,null,null,null,null,null,null
4455,9.30220,108,null,null,null,null,null,null,null,null,null,null,null,null
4456,9.30232,133,null,null,null,null,null,null,null,null,null,null,null,null
4457,9.30249,137,null,null,null,null,null,null,null,null,null,null,null,null
4458,9.30278,124,null,null,null,null,null,null,null,null,null,null,null,null
4459,9.30296,146,null,null,null,null,null,null,null,null,null,null,null,null
4460,9.30310,169,null,null,null,null,null,null,null,null,null,null,null,null
4461,9.30321,144,null,null,null,null,null,null,null,null,null,null,null,null
4462,9.30336,96,null,null,null,null,null,null,null,null,null,null,null,null
4463,9.30383,72,null,null,null,null,null,null,null,null,null,null,null,null
4464,9.30399,69,null,null,null,null,null,null,null,null,null,null,null,null
4465,9.30427,56,null,null,null,null,null,null,null,null,null,null,null,null
4466,9.30457,28,null,null,null,null,null,null,null,null,null,null,null,null
4467,9.30484,0,null,null,null,null,null,null,null,null,null,null,null,null
4468,9.30504,-24,null,null,null,null,null,null,null,null,null,null,null,null
4469,9.30525,-40,null,null,null,null,null,null,null,null,null,null,null,null
4470,9.30539,-59,null,null,null,null,null,null,null,null,null,null,null,null
4471,9.30552,-84,null,null,null,null,null,null,null,null,null,null,null,null
4472,9.30566,-89,null,null,null,null,null,null,null,null,null,null,null,null
4473,9.30579,-69,null,null,null,null,null,null,null,null,null,null,null,null
4474,9.30593,-73,null,null,null,null,null,null,null,null,null,null,null,null
4475,9.30611,-93,null,null,null,null,null,null,null,null,null,null,null,null
4476,9.30629,-81,null,null,null,null,null,null,null,null,null,null,null,null
4477,9.30644,-35,null,null,null,null,null,null,null,null,null,null,null,null
4478,9.30660,4,null,null,null,null,null,null,null,null,null,null,null,null
4479,9.30675,16,null,null,null,null,null,null,null,null,null,null,null,null
4480,9.30695,21,null,null,null,null,null,null,null,null,null,null,null,null
4481,9.30710,40,null,null,null,null,null,null,null,null,null,null,null,null
4482,9.30722,65,null,null,null,null,null,null,null,null,null,null,null,null
4483,9.33744,70,null,null,null,null,null,null,null,null,null,null,null,null
4484,9.33777,80,null,null,null,null,null,null,null,null,null,null,null,null
4485,9.33811,119,null,null,null,null,null,null,null,null,null,null,null,null
4486,9.33839,163,null,null,null,null,null,null,null,null,null,null,null,null
4487,9.33869,180,null,null,null,null,null,null,null,null,null,null,null,null
4488,9.33888,173,null,null,null,null,null,null,null,null,null,null,null,null
4489,9.33906,173,null,null,null,null,null,null,null,null,null,null,null,null
4490,9.33921,198,null,null,null,null,null,null,null,null,null,null,null,null
4491,9.33958,209,null,null,null,null,null,null,null,null,null,null,null,null
4492,9.33974,197,null,null,null,null,null,null,null,null,null,null,null,null
4493,9.33992,187,null,null,null,null,null,null,null,null,null,null,null,null
4494,9.34007,177,null,null,null,null,null,null,null,null,null,null,null,null
4495,9.34025,172,null,null,null,null,null,null,null,null,null,null,null,null
4496,9.34045,168,null,null,null,null,null,null,null,null,null,null,null,null
4497,9.34059,172,null,null,null,null,null,null,null,null,null,null,null,null
4498,9.34074,176,null,null,null,null,null,null,null,null,null,null,null,null
4499,9.34088,176,null,null,null,null,null,null,null,null,null,null,null,null
4500,9.34102,181,null,null,null,null,null,null,null,null,null,null,null,null
4501,9.34116,182,null,null,null,null,null,null,null,null,null,null,null,null
4502,9.38231,172,null,null,null,null,null,null,null,null,null,null,null,null
4503,9.38277,154,null,null,null,null,null,null,null,null,null,null,null,null
4504,9.38331,124,null,null,null,null,null,null,null,null,null,null,null,null
4505,9.38363,101,null,null,null,null,null,null,null,null,null,null,null,null
4506,9.38393,99,null,null,null,null,null,null,null,null,null,null,null,null
4507,9.38427,89,null,null,null,null,null,null,null,null,null,null,null,null
4508,9.38470,41,null,null,null,null,null,null,null,null,null,null,null,null
4509,9.38522,-10,null,null,null,null,null,null,null,null,null,null,null,null
4510,9.38567,-36,null,null,null,null,null,null,null,null,null,null,null,null
4511,9.38587,-29,null,null,null,null,null,null,null,null,null,null,null,null
4512,9.38610,-38,null,null,null,null,null,null,null,null,null,null,null,null
4513,9.38625,-66,null,null,null,null,null,null,null,null,null,null,null,null
4514,9.38638,-87,null,null,null,null,null,null,null,null,null,null,null,null
4515,9.38652,-85,null,null,null,null,null,null,null,null,null,null,null,null
4516,9.38666,-69,null,null,null,null,null,null,null,null,null,null,null,null
4517,9.38686,-60,null,null,null,null,null,null,null,null,null,null,null,null
4518,9.38703,-55,null,null,null,null,null,null,null,null,null,null,null,null
4519,9.38723,-41,null,null,null,null,null,null,null,null,null,null,null,null
4520,9.38738,-19,null,null,null,null,null,null,null,null,null,null,null,null
4521,9.38750,-20,null,null,null,null,null,null,null,null,null,null,null,null
4522,9.40422,-59,null,null,null,null,null,null,null,null,null,null,null,null
4523,9.40454,-90,null,null,null,null,null,null,null,null,null,null,null,null
4524,9.40478,-86,null,null,null,null,null,null,null,null,null,null,null,null
4525,9.40506,-57,null,null,null,null,null,null,null,null,null,null,null,null
4526,9.40529,-34,null,null,null,null,null,null,null,null,null,null,null,null
4527,9.40548,-8,null,null,null,null,null,null,null,null,null,null,null,null
4528,9.40566,4,null,null,null,null,null,null,null,null,null,null,null,null
4529,9.40583,7,null,null,null,null,null,null,null,null,null,null,null,null
4530,9.40600,2,null,null,null,null,null,null,null,null,null,null,null,null
4531,9.40614,3,null,null,null,null,null,null,null,null,null,null,null,null
4532,9.40626,39,null,null,null,null,null,null,null,null,null,null,null,null
4533,9.40640,70,null,null,null,null,null,null,null,null,null,null,null,null
4534,9.40652,54,null,null,null,null,null,null,null,null,null,null,null,null
4535,9.40668,27,null,null,null,null,null,null,null,null,null,null,null,null
4536,9.40683,48,null,null,null,null,null,null,null,null,null,null,null,null
4537,9.40697,89,null,null,null,null,null,null,null,null,null,null,null,null
4538,9.40713,119,null,null,null,null,null,null,null,null,null,null,null,null
4539,9.40727,125,null,null,null,null,null,null,null,null,null,null,null,null
4540,9.40739,139,null,null,null,null,null,null,null,null,null,null,null,null
4541,9.40752,167,null,null,null,null,null,null,null,null,null,null,null,null
4542,9.44980,166,null,null,null,null,null,null,null,null,null,null,null,null
4543,9.45004,130,null,null,null,null,null,null,null,null,null,null,null,null
4544,9.45034,77,null,null,null,null,null,null,null,null,null,null,null,null
4545,9.45056,59,null,null,null,null,null,null,null,null,null,null,null,null
4546,9.45082,86,null,null,null,null,null,null,null,null,null,null,null,null
4547,9.45098,99,null,null,null,null,null,null,null,null,null,null,null,null
4548,9.45112,91,null,null,null,null,null,null,null,null,null,null,null,null
4549,9.45134,87,null,null,null,null,null,null,null,null,null,null,null,null
4550,9.45150,89,null,null,null,null,null,null,null,null,null,null,null,null
4551,9.45168,75,null,null,null,null,null,null,null,null,null,null,null,null
4552,9.45185,53,null,null,null,null,null,null,null,null,null,null,null,null
4553,9.45202,59,null,null,null,null,null,null,null,null,null,null,null,null
4554,9.45217,83,null,null,null,null,null,null,null,null,null,null,null,null
4555,9.45230,102,null,null,null,null,null,null,null,null,null,null,null,null
4556,9.45243,99,null,null,null,null,null,null,null,null,null,null,null,null
4557,9.45259,90,null,null,null,null,null,null,null,null,null,null,null,null
4558,9.45272,85,null,null,null,null,null,null,null,null,null,null,null,null
4559,9.45285,72,null,null,null,null,null,null,null,null,null,null,null,null
4560,9.45317,52,null,null,null,null,null,null,null,null,null,null,null,null
4561,9.50101,44,null,null,null,null,null,null,null,null,null,null,null,null
4562,9.50129,56,null,null,null,null,null,null,null,null,null,null,null,null
4563,9.51024,64,null,null,null,null,null,null,null,null,null,null,null,null
4564,9.51394,52,null,null,null,null,null,null,null,null,null,null,null,null
4565,9.52300,27,null,null,null,null,null,null,null,null,null,null,null,null
4566,9.52937,4,null,null,null,null,null,null,null,null,null,null,null,null
4567,9.53066,-2,null,null,null,null,null,null,null,null,null,null,null,null
4568,9.53085,-1,null,null,null,null,null,null,null,null,null,null,null,null
4569,9.53170,-13,null,null,null,null,null,null,null,null,null,null,null,null
4570,9.53192,-22,null,null,null,null,null,null,null,null,null,null,null,null
4571,9.53313,-17,null,null,null,null,null,null,null,null,null,null,null,null
4572,9.53520,-12,null,null,null,null,null,null,null,null,null,null,null,null
4573,9.53537,-23,null,null,null,null,null,null,null,null,null,null,null,null
4574,9.53579,-28,null,null,null,null,null,null,null,null,null,null,null,null
4575,9.53594,-23,null,null,null,null,null,null,null,null,null,null,null,null
4576,9.53646,-26,null,null,null,null,null,null,null,null,null,null,null,null
4577,9.53669,-42,null,null,null,null,null,null,null,null,null,null,null,null
4578,9.53688,-45,null,null,null,null,null,null,null,null,null,null,null,null
4579,9.53703,-23,null,null,null,null,null,null,null,null,null,null,null,null
4580,9.53716,-12,null,null,null,null,null,null,null,null,null,null,null,null
4581,9.53790,-36,null,null,null,null,null,null,null,null,null,null,null,null
4582,9.53812,-52,null,null,null,null,null,null,null,null,null,null,null,null
4583,9.53856,-35,null,null,null,null,null,null,null,null,null,null,null,null
4584,9.53910,-8,null,null,null,null,null,null,null,null,null,null,null,null
4585,9.53964,-2,null,null,null,null,null,null,null,null,null,null,null,null
4586,9.53985,2,null,null,null,null,null,null,null,null,null,null,null,null
4587,9.54012,28,null,null,null,null,null,null,null,null,null,null,null,null
4588,9.54028,72,null,null,null,null,null,null,null,null,null,null,null,null
4589,9.54078,91,null,null,null,null,null,null,null,null,null,null,null,null
4590,9.54102,82,null,null,null,null,null,null,null,null,null,null,null,null
4591,9.54129,90,null,null,null,null,null,null,null,null,null,null,null,null
4592,9.54152,130,null,null,null,null,null,null,null,null,null,null,null,null
4593,9.54168,163,null,null,null,null,null,null,null,null,null,null,null,null
4594,9.54181,137,null,null,null,null,null,null,null,null,null,null,null,null
4595,9.54195,87,null,null,null,null,null,null,null,null,null,null,null,null
4596,9.54207,81,null,null,null,null,null,null,null,null,null,null,null,null
4597,9.54222,92,null,null,null,null,null,null,null,null,null,null,null,null
4598,9.54235,96,null,null,null,null,null,null,null,null,null,null,null,null
4599,9.54249,72,null,null,null,null,null,null,null,null,null,null,null,null
4600,9.56233,75,null,null,null,null,null,null,null,null,null,null,null,null
4601,9.56259,98,null,null,null,null,null,null,null,null,null,null,null,null
4602,9.56324,104,null,null,null,null,null,null,null,null,null,null,null,null
4603,9.56370,101,null,null,null,null,null,null,null,null,null,null,null,null
4604,9.56420,129,null,null,null,null,null,null,null,null,null,null,null,null
4605,9.56524,162,null,null,null,null,null,null,null,null,null,null,null,null
4606,9.56606,155,null,null,null,null,null,null,null,null,null,null,null,null
4607,9.56637,117,null,null,null,null,null,null,null,null,null,null,null,null
4608,9.56651,92,null,null,null,null,null,null,null,null,null,null,null,null
4609,9.56797,88,null,null,null,null,null,null,null,null,null,null,null,null
4610,9.56928,68,null,null,null,null,null,null,null,null,null,null,null,null
4611,9.57079,17,null,null,null,null,null,null,null,null,null,null,null,null
4612,9.57100,-21,null,null,null,null,null,null,null,null,null,null,null,null
4613,9.57118,-38,null,null,null,null,null,null,null,null,null,null,null,null
4614,9.57136,-46,null,null,null,null,null,null,null,null,null,null,null,null
4615,9.57174,-73,null,null,null,null,null,null,null,null,null,null,null,null
4616,9.57197,-101,null,null,null,null,null,null,null,null,null,null,null,null
4617,9.57217,-76,null,null,null,null,null,null,null,null,null,null,null,null
4618,9.57241,-42,null,null,null,null,null,null,null,null,null,null,null,null
4619,9.57259,-46,null,null,null,null,null,null,null,null,null,null,null,null
4620,9.60684,-72,null,null,null,null,null,null,null,null,null,null,null,null
4621,9.60711,-59,null,null,null,null,null,null,null,null,null,null,null,null
4622,9.60735,-25,null,null,null,null,null,null,null,null,null,null,null,null
4623,9.60765,-6,null,null,null,null,null,null,null,null,null,null,null,null
4624,9.60787,-8,null,null,null,null,null,null,null,null,null,null,null,null
4625,9.60803,-2,null,null,null,null,null,null,null,null,null,null,null,null
4626,9.60820,21,null,null,null,null,null,null,null,null,null,null,null,null
4627,9.60834,37,null,null,null,null,null,null,null,null,null,null,null,null
4628,9.60861,20,null,null,null,null,null,null,null,null,null,null,null,null
4629,9.60874,8,null,null,null,null,null,null,null,null,null,null,null,null
4630,9.60909,27,null,null,null,null,null,null,null,null,null,null,null,null
4631,9.60924,60,null,null,null,null,null,null,null,null,null,null,null,null
4632,9.60936,70,null,null,null,null,null,null,null,null,null,null,null,null
4633,9.60956,58,null,null,null,null,null,null,null,null,null,null,null,null
4634,9.60987,74,null,null,null,null,null,null,null,null,null,null,null,null
4635,9.61005,109,null,null,null,null,null,null,null,null,null,null,null,null
4636,9.61022,120,null,null,null,null,null,null,null,null,null,null,null,null
4637,9.61035,112,null,null,null,null,null,null,null,null,null,null,null,null
4638,9.61048,100,null,null,null,null,null,null,null,null,null,null,null,null
4639,9.61067,102,null,null,null,null,null,null,null,null,null,null,null,null
4640,9.65267,118,null,null,null,null,null,null,null,null,null,null,null,null
4641,9.65297,114,null,null,null,null,null,null,null,null,null,null,null,null
4642,9.65354,98,null,null,null,null,null,null,null,null,null,null,null,null
4643,9.65384,113,null,null,null,null,null,null,null,null,null,null,null,null
4644,9.65410,133,null,null,null,null,null,null,null,null,null,null,null,null
4645,9.65426,136,null,null,null,null,null,null,null,null,null,null,null,null
4646,9.65441,130,null,null,null,null,null,null,null,null,null,null,null,null
4647,9.65456,138,null,null,null,null,null,null,null,null,null,null,null,null
4648,9.65470,144,null,null,null,null,null,null,null,null,null,null,null,null
4649,9.65500,144,null,null,null,null,null,null,null,null,null,null,null,null
4650,9.65519,132,null,null,null,null,null,null,null,null,null,null,null,null
4651,9.65544,108,null,null,null,null,null,null,null,null,null,null,null,null
4652,9.65562,86,null,null,null,null,null,null,null,null,null,null,null,null
4653,9.65577,55,null,null,null,null,null,null,null,null,null,null,null,null
4654,9.65591,18,null,null,null,null,null,null,null,null,null,null,null,null
4655,9.65617,13,null,null,null,null,null,null,null,null,null,null,null,null
4656,9.65637,53,null,null,null,null,null,null,null,null,null,null,null,null
4657,9.65653,73,null,null,null,null,null,null,null,null,null,null,null,null
4658,9.65672,39,null,null,null,null,null,null,null,null,null,null,null,null
4659,9.67480,8,null,null,null,null,null,null,null,null,null,null,null,null
4660,9.67522,8,null,null,null,null,null,null,null,null,null,null,null,null
4661,9.67595,13,null,null,null,null,null,null,null,null,null,null,null,null
4662,9.67627,-6,null,null,null,null,null,null,null,null,null,null,null,null
4663,9.67660,-39,null,null,null,null,null,null,null,null,null,null,null,null
4664,9.67698,-38,null,null,null,null,null,null,null,null,null,null,null,null
4665,9.67716,-18,null,null,null,null,null,null,null,null,null,null,null,null
4666,9.67732,-6,null,null,null,null,null,null,null,null,null,null,null,null
4667,9.67747,-20,null,null,null,null,null,null,null,null,null,null,null,null
4668,9.67781,-26,null,null,null,null,null,null,null,null,null,null,null,null
4669,9.67796,-8,null,null,null,null,null,null,null,null,null,null,null,null
4670,9.67827,11,null,null,null,null,null,null,null,null,null,null,null,null
4671,9.67844,3,null,null,null,null,null,null,null,null,null,null,null,null
4672,9.67859,-9,null,null,null,null,null,null,null,null,null,null,null,null
4673,9.67873,9,null,null,null,null,null,null,null,null,null,null,null,null
4674,9.67890,29,null,null,null,null,null,null,null,null,null,null,null,null
4675,9.67905,19,null,null,null,null,null,null,null,null,null,null,null,null
4676,9.67920,5,null,null,null,null,null,null,null,null,null,null,null,null
4677,9.67933,12,null,null,null,null,null,null,null,null,null,null,null,null
4678,9.67945,27,null,null,null,null,null,null,null,null,null,null,null,null
4679,9.71981,33,null,null,null,null,null,null,null,null,null,null,null,null
4680,9.72009,37,null,null,null,null,null,null,null,null,null,null,null,null
4681,9.72030,66,null,null,null,null,null,null,null,null,null,null,null,null
4682,9.72057,108,null,null,null,null,null,null,null,null,null,null,null,null
4683,9.72079,122,null,null,null,null,null,null,null,null,null,null,null,null
4684,9.72098,109,null,null,null,null,null,null,null,null,null,null,null,null
4685,9.72117,116,null,null,null,null,null,null,null,null,null,null,null,null
4686,9.72133,138,null,null,null,null,null,null,null,null,null,null,null,null
4687,9.72157,149,null,null,null,null,null,null,null,null,null,null,null,null
4688,9.72175,134,null,null,null,null,null,null,null,null,null,null,null,null
4689,9.72191,105,null,null,null,null,null,null,null,null,null,null,null,null
4690,9.72204,107,null,null,null,null,null,null,null,null,null,null,null,null
4691,9.72218,145,null,null,null,null,null,null,null,null,null,null,null,null
4692,9.72243,138,null,null,null,null,null,null,null,null,null,null,null,null
4693,9.72260,103,null,null,null,null,null,null,null,null,null,null,null,null
4694,9.72286,101,null,null,null,null,null,null,null,null,null,null,null,null
4695,9.72306,125,null,null,null,null,null,null,null,null,null,null,null,null
4696,9.72320,120,null,null,null,null,null,null,null,null,null,null,null,null
4697,9.72336,92,null,null,null,null,null,null,null,null,null,null,null,null
4698,9.72352,80,null,null,null,null,null,null,null,null,null,null,null,null
4699,9.76482,87,null,null,null,null,null,null,null,null,null,null,null,null
4700,9.76514,81,null,null,null,null,null,null,null,null,null,null,null,null
4701,9.76540,57,null,null,null,null,null,null,null,null,null,null,null,null
4702,9.76570,65,null,null,null,null,null,null,null,null,null,null,null,null
4703,9.76594,81,null,null,null,null,null,null,null,null,null,null,null,null
4704,9.76617,76,null,null,null,null,null,null,null,null,null,null,null,null
4705,9.76633,52,null,null,null,null,null,null,null,null,null,null,null,null
4706,9.76653,51,null,null,null,null,null,null,null,null,null,null,null,null
4707,9.76672,80,null,null,null,null,null,null,null,null,null,null,null,null
4708,9.76693,82,null,null,null,null,null,null,null,null,null,null,null,null
4709,9.76708,42,null,null,null,null,null,null,null,null,null,null,null,null
4710,9.76722,7,null,null,null,null,null,null,null,null,null,null,null,null
4711,9.76737,23,null,null,null,null,null,null,null,null,null,null,null,null
4712,9.76750,51,null,null,null,null,null,null,null,null,null,null,null,null
4713,9.76781,44,null,null,null,null,null,null,null,null,null,null,null,null
4714,9.76796,28,null,null,null,null,null,null,null,null,null,null,null,null
4715,9.76810,49,null,null,null,null,null,null,null,null,null,null,null,null
4716,9.76828,84,null,null,null,null,null,null,null,null,null,null,null,null
4717,9.76845,88,null,null,null,null,null,null,null,null,null,null,null,null
4718,9.81374,64,null,null,null,null,null,null,null,null,null,null,null,null
4719,9.81595,41,null,null,null,null,null,null,null,null,null,null,null,null
4720,9.82097,28,null,null,null,null,null,null,null,null,null,null,null,null
4721,9.82417,19,null,null,null,null,null,null,null,null,null,null,null,null
4722,9.82500,20,null,null,null,null,null,null,null,null,null,null,null,null
4723,9.82524,40,null,null,null,null,null,null,null,null,null,null,null,null
4724,9.82541,67,null,null,null,null,null,null,null,null,null,null,null,null
4725,9.82568,68,null,null,null,null,null,null,null,null,null,null,null,null
4726,9.82585,24,null,null,null,null,null,null,null,null,null,null,null,null
4727,9.82634,4,null,null,null,null,null,null,null,null,null,null,null,null
4728,9.82656,17,null,null,null,null,null,null,null,null,null,null,null,null
4729,9.82685,23,null,null,null,null,null,null,null,null,null,null,null,null
4730,9.82721,-1,null,null,null,null,null,null,null,null,null,null,null,null
4731,9.82751,-12,null,null,null,null,null,null,null,null,null,null,null,null
4732,9.82809,20,null,null,null,null,null,null,null,null,null,null,null,null
4733,9.82843,56,null,null,null,null,null,null,null,null,null,null,null,null
4734,9.82860,59,null,null,null,null,null,null,null,null,null,null,null,null
4735,9.82880,44,null,null,null,null,null,null,null,null,null,null,null,null
4736,9.82894,42,null,null,null,null,null,null,null,null,null,null,null,null
4737,9.82914,58,null,null,null,null,null,null,null,null,null,null,null,null
4738,9.83224,75,null,null,null,null,null,null,null,null,null,null,null,null
4739,9.83251,83,null,null,null,null,null,null,null,null,null,null,null,null
4740,9.83279,89,null,null,null,null,null,null,null,null,null,null,null,null
4741,9.83305,107,null,null,null,null,null,null,null,null,null,null,null,null
4742,9.83332,121,null,null,null,null,null,null,null,null,null,null,null,null
4743,9.83347,133,null,null,null,null,null,null,null,null,null,null,null,null
4744,9.83362,146,null,null,null,null,null,null,null,null,null,null,null,null
4745,9.83376,154,null,null,null,null,null,null,null,null,null,null,null,null
4746,9.83398,167,null,null,null,null,null,null,null,null,null,null,null,null
4747,9.83417,176,null,null,null,null,null,null,null,null,null,null,null,null
4748,9.83434,153,null,null,null,null,null,null,null,null,null,null,null,null
4749,9.83450,124,null,null,null,null,null,null,null,null,null,null,null,null
4750,9.83463,116,null,null,null,null,null,null,null,null,null,null,null,null
4751,9.83479,117,null,null,null,null,null,null,null,null,null,null,null,null
4752,9.83510,91,null,null,null,null,null,null,null,null,null,null,null,null
4753,9.83534,68,null,null,null,null,null,null,null,null,null,null,null,null
4754,9.83559,51,null,null,null,null,null,null,null,null,null,null,null,null
4755,9.83580,20,null,null,null,null,null,null,null,null,null,null,null,null
4756,9.83598,-1,null,null,null,null,null,null,null,null,null,null,null,null
4757,9.87733,8,null,null,null,null,null,null,null,null,null,null,null,null
4758,9.87759,33,null,null,null,null,null,null,null,null,null,null,null,null
4759,9.87828,48,null,null,null,null,null,null,null,null,null,null,null,null
4760,9.87881,40,null,null,null,null,null,null,null,null,null,null,null,null
4761,9.87951,23,null,null,null,null,null,null,null,null,null,null,null,null
4762,9.88041,22,null,null,null,null,null,null,null,null,null,null,null,null
4763,9.88097,34,null,null,null,null,null,null,null,null,null,null,null,null
4764,9.88163,21,null,null,null,null,null,null,null,null,null,null,null,null
4765,9.88222,-4,null,null,null,null,null,null,null,null,null,null,null,null
4766,9.88238,5,null,null,null,null,null,null,null,null,null,null,null,null
4767,9.88254,24,null,null,null,null,null,null,null,null,null,null,null,null
4768,9.88267,22,null,null,null,null,null,null,null,null,null,null,null,null
4769,9.88280,-3,null,null,null,null,null,null,null,null,null,null,null,null
4770,9.88306,-20,null,null,null,null,null,null,null,null,null,null,null,null
4771,9.88331,1,null,null,null,null,null,null,null,null,null,null,null,null
4772,9.88347,25,null,null,null,null,null,null,null,null,null,null,null,null
4773,9.88365,24,null,null,null,null,null,null,null,null,null,null,null,null
4774,9.88391,17,null,null,null,null,null,null,null,null,null,null,null,null
4775,9.88406,24,null,null,null,null,null,null,null,null,null,null,null,null
4776,9.88423,65,null,null,null,null,null,null,null,null,null,null,null,null
4777,9.89936,104,null,null,null,null,null,null,null,null,null,null,null,null
4778,9.89974,122,null,null,null,null,null,null,null,null,null,null,null,null
4779,9.90010,136,null,null,null,null,null,null,null,null,null,null,null,null
4780,9.90038,132,null,null,null,null,null,null,null,null,null,null,null,null
4781,9.90065,97,null,null,null,null,null,null,null,null,null,null,null,null
4782,9.90084,64,null,null,null,null,null,null,null,null,null,null,null,null
4783,9.90118,68,null,null,null,null,null,null,null,null,null,null,null,null
4784,9.90144,90,null,null,null,null,null,null,null,null,null,null,null,null
4785,9.90161,87,null,null,null,null,null,null,null,null,null,null,null,null
4786,9.90180,57,null,null,null,null,null,null,null,null,null,null,null,null
4787,9.90198,38,null,null,null,null,null,null,null,null,null,null,null,null
4788,9.90214,50,null,null,null,null,null,null,null,null,null,null,null,null
4789,9.90233,67,null,null,null,null,null,null,null,null,null,null,null,null
4790,9.90248,53,null,null,null,null,null,null,null,null,null,null,null,null
4791,9.90262,35,null,null,null,null,null,null,null,null,null,null,null,null
4792,9.90284,38,null,null,null,null,null,null,null,null,null,null,null,null
4793,9.90304,55,null,null,null,null,null,null,null,null,null,null,null,null
4794,9.90324,65,null,null,null,null,null,null,null,null,null,null,null,null
4795,9.90343,53,null,null,null,null,null,null,null,null,null,null,null,null
4796,9.90360,60,null,null,null,null,null,null,null,null,null,null,null,null
4797,9.96727,83,null,null,null,null,null,null,null,null,null,null,null,null
4798,9.96754,89,null,null,null,null,null,null,null,null,null,null,null,null
4799,9.96819,75,null,null,null,null,null,null,null,null,null,null,null,null
4800,9.96857,68,null,null,null,null,null,null,null,null,null,null,null,null
4801,9.96903,86,null,null,null,null,null,null,null,null,null,null,null,null
4802,9.96927,105,null,null,null,null,null,null,null,null,null,null,null,null
4803,9.96945,80,null,null,null,null,null,null,null,null,null,null,null,null
4804,9.96982,40,null,null,null,null,null,null,null,null,null,null,null,null
4805,9.96999,49,null,null,null,null,null,null,null,null,null,null,null,null
4806,9.97013,75,null,null,null,null,null,null,null,null,null,null,null,null
4807,9.97065,71,null,null,null,null,null,null,null,null,null,null,null,null
4808,9.97083,57,null,null,null,null,null,null,null,null,null,null,null,null
4809,9.97105,68,null,null,null,null,null,null,null,null,null,null,null,null
4810,9.97164,72,null,null,null,null,null,null,null,null,null,null,null,null
4811,9.97233,59,null,null,null,null,null,null,null,null,null,null,null,null
4812,9.97259,41,null,null,null,null,null,null,null,null,null,null,null,null
4813,9.97276,32,null,null,null,null,null,null,null,null,null,null,null,null
4814,9.97289,38,null,null,null,null,null,null,null,null,null,null,null,null
4815,9.97309,38,null,null,null,null,null,null,null,null,null,null,null,null
4816,9.98979,21,null,null,null,null,null,null,null,null,null,null,null,null
4817,9.99005,3,null,null,null,null,null,null,null,null,null,null,null,null
4818,9.99176,18,null,null,null,null,null,null,null,null,null,null,null,null
4819,9.99209,28,null,null,null,null,null,null,null,null,null,null,null,null
4820,9.99235,2,null,null,null,null,null,null,null,null,null,null,null,null
4821,9.99264,-17,null,null,null,null,null,null,null,null,null,null,null,null
4822,9.99281,5,null,null,null,null,null,null,null,null,null,null,null,null
4823,9.99295,24,null,null,null,null,null,null,null,null,null,null,null,null
4824,9.99313,4,null,null,null,null,null,null,null,null,null,null,null,null
4825,9.99328,-20,null,null,null,null,null,null,null,null,null,null,null,null
4826,9.99345,-5,null,null,null,null,null,null,null,null,null,null,null,null
4827,9.99361,33,null,null,null,null,null,null,null,null,null,null,null,null
4828,9.99375,52,null,null,null,null,null,null,null,null,null,null,null,null
4829,9.99403,41,null,null,null,null,null,null,null,null,null,null,null,null
4830,9.99419,36,null,null,null,null,null,null,null,null,null,null,null,null
4831,9.99449,35,null,null,null,null,null,null,null,null,null,null,null,null
4832,9.99466,24,null,null,null,null,null,null,null,null,null,null,null,null
4833,9.99483,3,null,null,null,null,null,null,null,null,null,null,null,null
4834,9.99504,-7,null,null,null,null,null,null,null,null,null,null,null,null
4835,9.99530,-9,null,null,null,null,null,null,null,null,null,null,null,null
4836,10.04189,1,null,null,null,null,null,null,null,null,null,null,null,null
4837,10.04219,12,null,null,null,null,null,null,null,null,null,null,null,null
4838,10.04608,21,null,null,null,null,null,null,null,null,null,null,null,null
4839,10.04857,35,null,null,null,null,null,null,null,null,null,null,null,null
4840,10.05371,36,null,null,null,null,null,null,null,null,null,null,null,null
4841,10.05409,25,null,null,null,null,null,null,null,null,null,null,null,null
4842,10.05431,21,null,null,null,null,null,null,null,null,null,null,null,null
4843,10.05452,33,null,null,null,null,null,null,null,null,null,null,null,null
4844,10.05467,65,null,null,null,null,null,null,null,null,null,null,null,null
4845,10.05486,106,null,null,null,null,null,null,null,null,null,null,null,null
4846,10.05501,117,null,null,null,null,null,null,null,null,null,null,null,null
4847,10.05519,114,null,null,null,null,null,null,null,null,null,null,null,null
4848,10.05535,109,null,null,null,null,null,null,null,null,null,null,null,null
4849,10.05554,90,null,null,null,null,null,null,null,null,null,null,null,null
4850,10.05575,65,null,null,null,null,null,null,null,null,null,null,null,null
4851,10.05596,51,null,null,null,null,null,null,null,null,null,null,null,null
4852,10.05635,66,null,null,null,null,null,null,null,null,null,null,null,null
4853,10.05670,87,null,null,null,null,null,null,null,null,null,null,null,null
4854,10.05732,92,null,null,null,null,null,null,null,null,null,null,null,null
4855,10.05750,96,null,null,null,null,null,null,null,null,null,null,null,null
4856,10.05795,101,null,null,null,null,null,null,null,null,null,null,null,null
4857,10.05814,97,null,null,null,null,null,null,null,null,null,null,null,null
4858,10.05839,80,null,null,null,null,null,null,null,null,null,null,null,null
4859,10.05861,58,null,null,null,null,null,null,null,null,null,null,null,null
4860,10.05879,56,null,null,null,null,null,null,null,null,null,null,null,null
4861,10.05900,69,null,null,null,null,null,null,null,null,null,null,null,null
4862,10.05918,59,null,null,null,null,null,null,null,null,null,null,null,null
4863,10.05932,34,null,null,null,null,null,null,null,null,null,null,null,null
4864,10.05953,24,null,null,null,null,null,null,null,null,null,null,null,null
4865,10.05973,51,null,null,null,null,null,null,null,null,null,null,null,null
4866,10.06002,75,null,null,null,null,null,null,null,null,null,null,null,null
4867,10.06021,64,null,null,null,null,null,null,null,null,null,null,null,null
4868,10.06037,35,null,null,null,null,null,null,null,null,null,null,null,null
4869,10.06057,38,null,null,null,null,null,null,null,null,null,null,null,null
4870,10.06074,59,null,null,null,null,null,null,null,null,null,null,null,null
4871,10.06092,76,null,null,null,null,null,null,null,null,null,null,null,null
4872,10.06108,64,null,null,null,null,null,null,null,null,null,null,null,null
4873,10.06127,45,null,null,null,null,null,null,null,null,null,null,null,null
4874,10.06144,28,null,null,null,null,null,null,null,null,null,null,null,null
4875,10.10186,6,null,null,null,null,null,null,null,null,null,null,null,null
4876,10.10213,5,null,null,null,null,null,null,null,null,null,null,null,null
4877,10.10242,39,null,null,null,null,null,null,null,null,null,null,null,null
4878,10.10268,80,null,null,null,null,null,null,null,null,null,null,null,null
4879,10.10299,93,null,null,null,null,null,null,null,null,null,null,null,null
4880,10.10316,71,null,null,null,null,null,null,null,null,null,null,null,null
4881,10.10333,61,null,null,null,null,null,null,null,null,null,null,null,null
4882,10.10354,87,null,null,null,null,null,null,null,null,null,null,null,null
4883,10.10369,103,null,null,null,null,null,null,null,null,null,null,null,null
4884,10.10385,97,null,null,null,null,null,null,null,null,null,null,null,null
4885,10.10404,91,null,null,null,null,null,null,null,null,null,null,null,null
4886,10.10419,100,null,null,null,null,null,null,null,null,null,null,null,null
4887,10.10435,97,null,null,null,null,null,null,null,null,null,null,null,null
4888,10.10452,61,null,null,null,null,null,null,null,null,null,null,null,null
4889,10.10466,29,null,null,null,null,null,null,null,null,null,null,null,null
4890,10.10493,48,null,null,null,null,null,null,null,null,null,null,null,null
4891,10.10507,85,null,null,null,null,null,null,null,null,null,null,null,null
4892,10.10519,84,null,null,null,null,null,null,null,null,null,null,null,null
4893,10.10537,50,null,null,null,null,null,null,null,null,null,null,null,null
4894,10.10551,34,null,null,null,null,null,null,null,null,null,null,null,null
4895,10.12514,53,null,null,null,null,null,null,null,null,null,null,null,null
4896,10.12568,74,null,null,null,null,null,null,null,null,null,null,null,null
4897,10.12603,73,null,null,null,null,null,null,null,null,null,null,null,null
4898,10.12657,76,null,null,null,null,null,null,null,null,null,null,null,null
4899,10.12700,89,null,null,null,null,null,null,null,null,null,null,null,null
4900,10.12737,103,null,null,null,null,null,null,null,null,null,null,null,null
4901,10.12770,108,null,null,null,null,null,null,null,null,null,null,null,null
4902,10.12796,null,1,77,1182505,107620,28482,67172,25619,12487,9452,2505,0,null
4903,10.12822,112,null,null,null,null,null,null,null,null,null,null,null,null
4904,10.12844,125,null,null,null,null,null,null,null,null,null,null,null,null
4905,10.12865,131,null,null,null,null,null,null,null,null,null,null,null,null
4906,10.12883,130,null,null,null,null,null,null,null,null,null,null,null,null
4907,10.12904,122,null,null,null,null,null,null,null,null,null,null,null,null
4908,10.12922,128,null,null,null,null,null,null,null,null,null,null,null,null
4909,10.12935,125,null,null,null,null,null,null,null,null,null,null,null,null
4910,10.12954,106,null,null,null,null,null,null,null,null,null,null,null,null
4911,10.16987,68,null,null,null,null,null,null,null,null,null,null,null,null
4912,10.17016,66,null,null,null,null,null,null,null,null,null,null,null,null
4913,10.17052,85,null,null,null,null,null,null,null,null,null,null,null,null
4914,10.17086,97,null,null,null,null,null,null,null,null,null,null,null,null
4915,10.17120,70,null,null,null,null,null,null,null,null,null,null,null,null
4916,10.17138,53,null,null,null,null,null,null,null,null,null,null,null,null
4917,10.17153,54,null,null,null,null,null,null,null,null,null,null,null,null
4918,10.17167,54,null,null,null,null,null,null,null,null,null,null,null,null
4919,10.17191,38,null,null,null,null,null,null,null,null,null,null,null,null
4920,10.17208,24,null,null,null,null,null,null,null,null,null,null,null,null
4921,10.17234,23,null,null,null,null,null,null,null,null,null,null,null,null
4922,10.17254,11,null,null,null,null,null,null,null,null,null,null,null,null
4923,10.17278,2,null,null,null,null,null,null,null,null,null,null,null,null
4924,10.17295,-11,null,null,null,null,null,null,null,null,null,null,null,null
4925,10.17314,-24,null,null,null,null,null,null,null,null,null,null,null,null
4926,10.17333,-39,null,null,null,null,null,null,null,null,null,null,null,null
4927,10.17353,-67,null,null,null,null,null,null,null,null,null,null,null,null
4928,10.17370,-105,null,null,null,null,null,null,null,null,null,null,null,null
4929,10.17384,-117,null,null,null,null,null,null,null,null,null,null,null,null
4930,10.17401,-86,null,null,null,null,null,null,null,null,null,null,null,null
4931,10.25517,-53,null,null,null,null,null,null,null,null,null,null,null,null
4932,10.25554,-54,null,null,null,null,null,null,null,null,null,null,null,null
4933,10.26025,-56,null,null,null,null,null,null,null,null,null,null,null,null
4934,10.26433,-36,null,null,null,null,null,null,null,null,null,null,null,null
4935,10.26921,-10,null,null,null,null,null,null,null,null,null,null,null,null
4936,10.26941,1,null,null,null,null,null,null,null,null,null,null,null,null
4937,10.26956,6,null,null,null,null,null,null,null,null,null,null,null,null
4938,10.26971,44,null,null,null,null,null,null,null,null,null,null,null,null
4939,10.27675,99,null,null,null,null,null,null,null,null,null,null,null,null
4940,10.27934,108,null,null,null,null,null,null,null,null,null,null,null,null
4941,10.27959,88,null,null,null,null,null,null,null,null,null,null,null,null
4942,10.28333,85,null,null,null,null,null,null,null,null,null,null,null,null
4943,10.28492,102,null,null,null,null,null,null,null,null,null,null,null,null
4944,10.28512,124,null,null,null,null,null,null,null,null,null,null,null,null
4945,10.28526,114,null,null,null,null,null,null,null,null,null,null,null,null
4946,10.28540,96,null,null,null,null,null,null,null,null,null,null,null,null
4947,10.28603,114,null,null,null,null,null,null,null,null,null,null,null,null
4948,10.28628,136,null,null,null,null,null,null,null,null,null,null,null,null
4949,10.28644,141,null,null,null,null,null,null,null,null,null,null,null,null
4950,10.28742,148,null,null,null,null,null,null,null,null,null,null,null,null
4951,10.28763,155,null,null,null,null,null,null,null,null,null,null,null,null
4952,10.28828,155,null,null,null,null,null,null,null,null,null,null,null,null
4953,10.28860,136,null,null,null,null,null,null,null,null,null,null,null,null
4954,10.28890,117,null,null,null,null,null,null,null,null,null,null,null,null
4955,10.28905,119,null,null,null,null,null,null,null,null,null,null,null,null
4956,10.28919,132,null,null,null,null,null,null,null,null,null,null,null,null
4957,10.28934,137,null,null,null,null,null,null,null,null,null,null,null,null
4958,10.28948,128,null,null,null,null,null,null,null,null,null,null,null,null
4959,10.28961,120,null,null,null,null,null,null,null,null,null,null,null,null
4960,10.28994,122,null,null,null,null,null,null,null,null,null,null,null,null
4961,10.29009,106,null,null,null,null,null,null,null,null,null,null,null,null
4962,10.29033,74,null,null,null,null,null,null,null,null,null,null,null,null
4963,10.29066,67,null,null,null,null,null,null,null,null,null,null,null,null
4964,10.29084,73,null,null,null,null,null,null,null,null,null,null,null,null
4965,10.29102,64,null,null,null,null,null,null,null,null,null,null,null,null
4966,10.29116,26,null,null,null,null,null,null,null,null,null,null,null,null
4967,10.29129,-12,null,null,null,null,null,null,null,null,null,null,null,null
4968,10.29144,-19,null,null,null,null,null,null,null,null,null,null,null,null
4969,10.29155,-1,null,null,null,null,null,null,null,null,null,null,null,null
4970,10.29190,-4,null,null,null,null,null,null,null,null,null,null,null,null
4971,10.29207,-25,null,null,null,null,null,null,null,null,null,null,null,null
4972,10.29234,-29,null,null,null,null,null,null,null,null,null,null,null,null
4973,10.29443,-24,null,null,null,null,null,null,null,null,null,null,null,null
4974,10.29529,-25,null,null,null,null,null,null,null,null,null,null,null,null
4975,10.29549,-22,null,null,null,null,null,null,null,null,null,null,null,null
4976,10.29564,-21,null,null,null,null,null,null,null,null,null,null,null,null
4977,10.29585,-17,null,null,null,null,null,null,null,null,null,null,null,null
4978,10.29601,-3,null,null,null,null,null,null,null,null,null,null,null,null
4979,10.29615,9,null,null,null,null,null,null,null,null,null,null,null,null
4980,10.29628,17,null,null,null,null,null,null,null,null,null,null,null,null
4981,10.29641,21,null,null,null,null,null,null,null,null,null,null,null,null
4982,10.29654,28,null,null,null,null,null,null,null,null,null,null,null,null
4983,10.29670,12,null,null,null,null,null,null,null,null,null,null,null,null
4984,10.29685,-8,null,null,null,null,null,null,null,null,null,null,null,null
4985,10.29701,7,null,null,null,null,null,null,null,null,null,null,null,null
4986,10.29715,34,null,null,null,null,null,null,null,null,null,null,null,null
4987,10.29727,34,null,null,null,null,null,null,null,null,null,null,null,null
4988,10.29739,20,null,null,null,null,null,null,null,null,null,null,null,null
4989,10.32738,27,null,null,null,null,null,null,null,null,null,null,null,null
4990,10.32774,45,null,null,null,null,null,null,null,null,null,null,null,null
4991,10.32826,55,null,null,null,null,null,null,null,null,null,null,null,null
4992,10.32862,51,null,null,null,null,null,null,null,null,null,null,null,null
4993,10.33150,67,null,null,null,null,null,null,null,null,null,null,null,null
4994,10.33301,100,null,null,null,null,null,null,null,null,null,null,null,null
4995,10.33360,102,null,null,null,null,null,null,null,null,null,null,null,null
4996,10.33409,80,null,null,null,null,null,null,null,null,null,null,null,null
4997,10.33581,60,null,null,null,null,null,null,null,null,null,null,null,null
4998,10.33625,72,null,null,null,null,null,null,null,null,null,null,null,null
4999,10.33664,101,null,null,null,null,null,null,null,null,null,null,null,null
5000,10.33704,119,null,null,null,null,null,null,null,null,null,null,null,null
